year	month	day	araz_Q_Obs				
2003	5	1	33.7				
2003	5	2	27.8				
2003	5	3	27.2				
2003	5	4	17.4				
2003	5	5	10.6				
2003	5	6	9.43				
2003	5	7	8.69				
2003	5	8	8.76				
2003	5	9	22.2				
2003	5	10	12.2				
2003	5	11	9.23				
2003	5	12	8.11				
2003	5	13	6.99				
2003	5	14	6.41				
2003	5	15	5.84				
2003	5	16	5.74				
2003	5	17	4.66				
2003	5	18	4.26				
2003	5	19	4.08				
2003	5	20	3.91				
2003	5	21	3.63				
2003	5	22	3.12				
2003	5	23	3.12				
2003	5	24	14.7				
2003	5	25	96.4				
2003	5	26	29.5				
2003	5	27	22.2				
2003	5	28	13.3				
2003	5	29	7.29				
2003	5	30	5.34				
2003	5	31	4.79				
2003	6	1	4.21				
2003	6	2	4.05				
2003	6	3	3.71				
2003	6	4	3.12				
2003	6	5	2.83				
2003	6	6	5.45				
2003	6	7	5.55				
2003	6	8	2.54				
2003	6	9	1.89				
2003	6	10	1.74				
2003	6	11	1.4				
2003	6	12	1.12				
2003	6	13	0.938				
2003	6	14	0.828				
2003	6	15	0.939				
2003	6	16	0.893				
2003	6	17	0.687				
2003	6	18	0.574				
2003	6	19	0.538				
2003	6	20	2.22				
2003	6	21	1.7				
2003	6	22	0.982				
2003	6	23	0.808				
2003	6	24	0.687				
2003	6	25	18.8				
2003	6	26	14.1				
2003	6	27	2.89				
2003	6	28	1.01				
2003	6	29	0.747				
2003	6	30	0.471				
2003	7	1	0.407				
2003	7	2	0.407				
2003	7	3	0.376				
2003	7	4	0.285				
2003	7	5	0.089				
2003	7	6	0.081				
2003	7	7	0.081				
2003	7	8	0.081				
2003	7	9	0.081				
2003	7	10	0.081				
2003	7	11	0.081				
2003	7	12	0.066				
2003	7	13	0.066				
2003	7	14	0.066				
2003	7	15	0.054				
2003	7	16	0.041				
2003	7	17	0.03				
2003	7	18	0.025				
2003	7	19	0.021				
2003	7	20	0.021				
2003	7	21	0.021				
2003	7	22	0.014				
2003	7	23	0.008				
2003	7	24	0.083				
2003	7	25	0.943				
2003	7	26	4.13				
2003	7	27	2.22				
2003	7	28	1.35				
2003	7	29	1.12				
2003	7	30	0.915				
2003	7	31	0.726				
2003	8	1	0.592				
2003	8	2	0.401				
2003	8	3	0.194				
2003	8	4	0.115				
2003	8	5	0.089				
2003	8	6	0.066				
2003	8	7	0.053				
2003	8	8	0.053				
2003	8	9	0.053				
2003	8	10	0.066				
2003	8	11	0.066				
2003	8	12	0.066				
2003	8	13	0.066				
2003	8	14	0.066				
2003	8	15	0.073				
2003	8	16	0.123				
2003	8	17	0.066				
2003	8	18	0.066				
2003	8	19	0.066				
2003	8	20	0.081				
2003	8	21	0.066				
2003	8	22	0.041				
2003	8	23	0.041				
2003	8	24	0.041				
2003	8	25	0.041				
2003	8	26	0.031				
2003	8	27	0.03				
2003	8	28	0.03				
2003	8	29	0.03				
2003	8	30	0.025				
2003	8	31	0.021				
2003	9	1	0.018				
2003	9	2	0.014				
2003	9	3	0.021				
2003	9	4	0.021				
2003	9	5	0.021				
2003	9	6	0.021				
2003	9	7	0.021				
2003	9	8	0.021				
2003	9	9	0.021				
2003	9	10	0.021				
2003	9	11	0.03				
2003	9	12	0.28				
2003	9	13	0.438				
2003	9	14	0.471				
2003	9	15	0.471				
2003	9	16	0.465				
2003	9	17	0.504				
2003	9	18	0.648				
2003	9	19	0.504				
2003	9	20	0.668				
2003	9	21	0.849				
2003	9	22	0.938				
2003	9	23	1.27				
2003	9	24	1.12				
2003	9	25	1.07				
2003	9	26	1.07				
2003	9	27	1.12				
2003	9	28	1.12				
2003	9	29	1.22				
2003	9	30	1.46				
2003	10	1	1.32				
2003	10	2	1.22				
2003	10	3	1.22				
2003	10	4	1.32				
2003	10	5	12.7				
2003	10	6	9.78				
2003	10	7	3.28				
2003	10	8	2.77				
2003	10	9	2.63				
2003	10	10	2.52				
2003	10	11	2.39				
2003	10	12	2.36				
2003	10	13	2.26				
2003	10	14	2.19				
2003	10	15	2.13				
2003	10	16	2.13				
2003	10	17	2.07				
2003	10	18	2.01				
2003	10	19	1.94				
2003	10	20	1.98				
2003	10	21	1.94				
2003	10	22	1.94				
2003	10	23	1.88				
2003	10	24	1.77				
2003	10	25	1.71				
2003	10	26	1.59				
2003	10	27	1.59				
2003	10	28	1.65				
2003	10	29	1.71				
2003	10	30	1.65				
2003	10	31	1.65				
2003	11	1	1.53				
2003	11	2	1.43				
2003	11	3	1.95				
2003	11	4	4.86				
2003	11	5	3.96				
2003	11	6	3.24				
2003	11	7	2.56				
2003	11	8	2.26				
2003	11	9	2.07				
2003	11	10	2.04				
2003	11	11	2.01				
2003	11	12	2.01				
2003	11	13	1.94				
2003	11	14	2.47				
2003	11	15	14.9				
2003	11	16	4.43				
2003	11	17	3.02				
2003	11	18	2.69				
2003	11	19	2.59				
2003	11	20	2.59				
2003	11	21	2.84				
2003	11	22	2.98				
2003	11	23	8.02				
2003	11	24	4.61				
2003	11	25	4.02				
2003	11	26	3.74				
2003	11	27	3.62				
2003	11	28	3.42				
2003	11	29	3.16				
2003	11	30	2.99				
2003	12	1	3.02				
2003	12	2	3.27				
2003	12	3	3.28				
2003	12	4	4.18				
2003	12	5	4.7				
2003	12	6	3.82				
2003	12	7	3.38				
2003	12	8	2.94				
2003	12	9	2.56				
2003	12	10	2.63				
2003	12	11	10.5				
2003	12	12	6.36				
2003	12	13	4.14				
2003	12	14	3.98				
2003	12	15	4.02				
2003	12	16	4.06				
2003	12	17	7.53				
2003	12	18	6.26				
2003	12	19	5.78				
2003	12	20	5.09				
2003	12	21	4.35				
2003	12	22	3.98				
2003	12	23	3.78				
2003	12	24	3.54				
2003	12	25	3.62				
2003	12	26	3.66				
2003	12	27	3.54				
2003	12	28	3.62				
2003	12	29	3.86				
2003	12	30	3.9				
2003	12	31	3.66				
2004	1	1	3.58				
2004	1	2	3.31				
2004	1	3	3.31				
2004	1	4	3.16				
2004	1	5	3.01				
2004	1	6	2.87				
2004	1	7	3.01				
2004	1	8	3.01				
2004	1	9	3.25				
2004	1	10	3.16				
2004	1	11	3.09				
2004	1	12	2.97				
2004	1	13	2.87				
2004	1	14	2.87				
2004	1	15	2.9				
2004	1	16	2.84				
2004	1	17	2.87				
2004	1	18	2.8				
2004	1	19	3.1				
2004	1	20	3.5				
2004	1	21	3.54				
2004	1	22	3.46				
2004	1	23	3.23				
2004	1	24	3.13				
2004	1	25	3.09				
2004	1	26	3.09				
2004	1	27	3.28				
2004	1	28	23				
2004	1	29	19.1				
2004	1	30	10.3				
2004	1	31	8.78				
2004	2	1	8.78				
2004	2	2	8.67				
2004	2	3	8.78				
2004	2	4	11.1				
2004	2	5	11				
2004	2	6	9.64				
2004	2	7	11.4				
2004	2	8	9.53				
2004	2	9	8.45				
2004	2	10	8.45				
2004	2	11	9.41				
2004	2	12	11				
2004	2	13	9.35				
2004	2	14	8.4				
2004	2	15	8.34				
2004	2	16	8.73				
2004	2	17	7.12				
2004	2	18	5.28				
2004	2	19	4.56				
2004	2	20	4.14				
2004	2	21	3.86				
2004	2	22	3.5				
2004	2	23	3.58				
2004	2	24	4.82				
2004	2	25	5				
2004	2	26	4.52				
2004	2	27	4.52				
2004	2	28	4.14				
2004	2	29	3.86				
2004	3	1	3.74				
2004	3	2	3.82				
2004	3	3	3.82				
2004	3	4	3.62				
2004	3	5	3.7				
2004	3	6	3.82				
2004	3	7	4.14				
2004	3	8	4.44				
2004	3	9	5.79				
2004	3	10	6.76				
2004	3	11	5				
2004	3	12	4.39				
2004	3	13	4.61				
2004	3	14	11.7				
2004	3	15	24.4				
2004	3	16	22				
2004	3	17	14.6				
2004	3	18	14.5				
2004	3	19	14.5				
2004	3	20	14.6				
2004	3	21	15.9				
2004	3	22	19.4				
2004	3	23	28.9				
2004	3	24	30.7				
2004	3	25	29.1				
2004	3	26	29.9				
2004	3	27	20				
2004	3	28	13.6				
2004	3	29	10.4				
2004	3	30	8.12				
2004	3	31	7.64				
2004	4	1	49.4				
2004	4	2	29.1				
2004	4	3	22.1				
2004	4	4	16.4				
2004	4	5	30				
2004	4	6	29.5				
2004	4	7	22.4				
2004	4	8	24				
2004	4	9	17.1				
2004	4	10	12.7				
2004	4	11	10.3				
2004	4	12	9.13				
2004	4	13	8.56				
2004	4	14	8.18				
2004	4	15	7.91				
2004	4	16	7.32				
2004	4	17	8.04				
2004	4	18	73.9				
2004	4	19	36.9				
2004	4	20	35.8				
2004	4	21	23.2				
2004	4	22	13.9				
2004	4	23	11.7				
2004	4	24	10.6				
2004	4	25	10.9				
2004	4	26	11.6				
2004	4	27	11.6				
2004	4	28	14.2				
2004	4	29	13.1				
2004	4	30	9.71				
2004	5	1	8.06				
2004	5	2	7.53				
2004	5	3	6.61				
2004	5	4	5.93				
2004	5	5	5.97				
2004	5	6	55.6				
2004	5	7	42.2				
2004	5	8	14.9				
2004	5	9	11				
2004	5	10	9.06				
2004	5	11	8.02				
2004	5	12	6.71				
2004	5	13	6.11				
2004	5	14	7.07				
2004	5	15	6.26				
2004	5	16	5.88				
2004	5	17	5.32				
2004	5	18	4.91				
2004	5	19	4.44				
2004	5	20	3.7				
2004	5	21	7.2				
2004	5	22	16.1				
2004	5	23	7.29				
2004	5	24	5.01				
2004	5	25	4.56				
2004	5	26	3.94				
2004	5	27	2.9				
2004	5	28	2.59				
2004	5	29	2.16				
2004	5	30	1.76				
2004	5	31	1.53				
2004	6	1	1.38				
2004	6	2	1.17				
2004	6	3	0.934				
2004	6	4	0.719				
2004	6	5	0.51				
2004	6	6	0.392				
2004	6	7	0.345				
2004	6	8	0.273				
2004	6	9	0.15				
2004	6	10	0.15				
2004	6	11	0.11				
2004	6	12	0.11				
2004	6	13	8.41				
2004	6	14	6.47				
2004	6	15	1.54				
2004	6	16	0.727				
2004	6	17	0.36				
2004	6	18	0.301				
2004	6	19	0.273				
2004	6	20	0.246				
2004	6	21	0.273				
2004	6	22	0.247				
2004	6	23	0.196				
2004	6	24	0.161				
2004	6	25	0.15				
2004	6	26	0.129				
2004	6	27	0.129				
2004	6	28	0.129				
2004	6	29	0.129				
2004	6	30	0.608				
2004	7	1	2.86				
2004	7	2	0.54				
2004	7	3	0.045				
2004	7	4	0.075				
2004	7	5	0.11				
2004	7	6	0.15				
2004	7	7	0.15				
2004	7	8	0.15				
2004	7	9	0.15				
2004	7	10	0.15				
2004	7	11	23.2				
2004	7	12	17.3				
2004	7	13	4.13				
2004	7	14	1.68				
2004	7	15	1.01				
2004	7	16	0.198				
2004	7	17	0.06				
2004	7	18	0.032				
2004	7	19	0.032				
2004	7	20	0.032				
2004	7	21	0.032				
2004	7	22	0.075				
2004	7	23	0.045				
2004	7	24	0.075				
2004	7	25	0.091				
2004	7	26	0.091				
2004	7	27	0.068				
2004	7	28	0.045				
2004	7	29	0.034				
2004	7	30	0.022				
2004	7	31	0.022				
2004	8	1	0.027				
2004	8	2	0.022				
2004	8	3	0.022				
2004	8	4	0.022				
2004	8	5	0.022				
2004	8	6	0.022				
2004	8	7	0.022				
2004	8	8	0.045				
2004	8	9	0.045				
2004	8	10	0.045				
2004	8	11	0.045				
2004	8	12	0.032				
2004	8	13	0.032				
2004	8	14	0.032				
2004	8	15	0.032				
2004	8	16	0.032				
2004	8	17	0.032				
2004	8	18	0.032				
2004	8	19	0.032				
2004	8	20	0.022				
2004	8	21	0.013				
2004	8	22	0.013				
2004	8	23	0.013				
2004	8	24	0.013				
2004	8	25	0.013				
2004	8	26	0.013				
2004	8	27	13.2				
2004	8	28	40.2				
2004	8	29	3.46				
2004	8	30	1.12				
2004	8	31	0.601				
2004	9	1	0.347				
2004	9	2	0.209				
2004	9	3	0.101				
2004	9	4	0.06				
2004	9	5	0.045				
2004	9	6	0.045				
2004	9	7	0.045				
2004	9	8	0.045				
2004	9	9	0.045				
2004	9	10	0.045				
2004	9	11	0.045				
2004	9	12	0.045				
2004	9	13	0.045				
2004	9	14	0.045				
2004	9	15	0.032				
2004	9	16	0.7				
2004	9	17	0.825				
2004	9	18	0.719				
2004	9	19	1.92				
2004	9	20	5.44				
2004	9	21	3.16				
2004	9	22	2.43				
2004	9	23	1.8				
2004	9	24	1.4				
2004	9	25	1.25				
2004	9	26	0.962				
2004	9	27	0.772				
2004	9	28	0.891				
2004	9	29	1.1				
2004	9	30	1.12				
2004	10	1	1.04				
2004	10	2	0.868				
2004	10	3	0.992				
2004	10	4	0.726				
2004	10	5	0.726				
2004	10	6	2.78				
2004	10	7	2.28				
2004	10	8	1.97				
2004	10	9	1.97				
2004	10	10	1.93				
2004	10	11	1.9				
2004	10	12	1.82				
2004	10	13	1.77				
2004	10	14	2.88				
2004	10	15	3.29				
2004	10	16	2.5				
2004	10	17	2.24				
2004	10	18	2.04				
2004	10	19	1.97				
2004	10	20	1.9				
2004	10	21	1.71				
2004	10	22	1.64				
2004	10	23	10.3				
2004	10	24	11.9				
2004	10	25	3.38				
2004	10	26	2.69				
2004	10	27	2.28				
2004	10	28	2.13				
2004	10	29	2.1				
2004	10	30	2.17				
2004	10	31	2.17				
2004	11	1	2.1				
2004	11	2	2.1				
2004	11	3	1.97				
2004	11	4	2.1				
2004	11	5	2.1				
2004	11	6	2.04				
2004	11	7	2.1				
2004	11	8	2.1				
2004	11	9	2.1				
2004	11	10	2.1				
2004	11	11	2.1				
2004	11	12	2.04				
2004	11	13	1.9				
2004	11	14	1.71				
2004	11	15	1.8				
2004	11	16	1.83				
2004	11	17	1.67				
2004	11	18	1.43				
2004	11	19	9.08				
2004	11	20	4.01				
2004	11	21	2.71				
2004	11	22	1.58				
2004	11	23	1.2				
2004	11	24	9.2				
2004	11	25	6.28				
2004	11	26	3.91				
2004	11	27	2.42				
2004	11	28	22.4				
2004	11	29	13.2				
2004	11	30	3.98				
2004	12	1	3.81				
2004	12	2	3.81				
2004	12	3	3.55				
2004	12	4	3.16				
2004	12	5	2.92				
2004	12	6	2.77				
2004	12	7	2.54				
2004	12	8	2.61				
2004	12	9	2.62				
2004	12	10	4.24				
2004	12	11	4.76				
2004	12	12	4.17				
2004	12	13	4.17				
2004	12	14	3.99				
2004	12	15	3.42				
2004	12	16	3.08				
2004	12	17	3.25				
2004	12	18	3.99				
2004	12	19	4.64				
2004	12	20	4.03				
2004	12	21	4.22				
2004	12	22	4.31				
2004	12	23	4.22				
2004	12	24	4.22				
2004	12	25	4.22				
2004	12	26	8.86				
2004	12	27	49.2				
2004	12	28	23.5				
2004	12	29	11.3				
2004	12	30	9.77				
2004	12	31	10.1				
2005	1	1	12.8				
2005	1	2	11.1				
2005	1	3	12.1				
2005	1	4	15.6				
2005	1	5	16.2				
2005	1	6	15.8				
2005	1	7	63.9				
2005	1	8	24.1				
2005	1	9	13.4				
2005	1	10	10.5				
2005	1	11	16.2				
2005	1	12	38.1				
2005	1	13	14.2				
2005	1	14	13.1				
2005	1	15	12.6				
2005	1	16	12.4				
2005	1	17	12.1				
2005	1	18	11.3				
2005	1	19	10.9				
2005	1	20	13.1				
2005	1	21	27.6				
2005	1	22	21.3				
2005	1	23	13				
2005	1	24	12.4				
2005	1	25	27.9				
2005	1	26	61.7				
2005	1	27	18.5				
2005	1	28	14.9				
2005	1	29	13.9				
2005	1	30	13.8				
2005	1	31	14.1				
2005	2	1	16				
2005	2	2	19.5				
2005	2	3	18.5				
2005	2	4	15.4				
2005	2	5	13.8				
2005	2	6	12.8				
2005	2	7	12.8				
2005	2	8	13.4				
2005	2	9	13.1				
2005	2	10	12.7				
2005	2	11	11.9				
2005	2	12	11.1				
2005	2	13	10.9				
2005	2	14	10.5				
2005	2	15	10.4				
2005	2	16	10.4				
2005	2	17	10.4				
2005	2	18	9.9				
2005	2	19	9.84				
2005	2	20	10.1				
2005	2	21	24				
2005	2	22	59.9				
2005	2	23	72.1				
2005	2	24	27.9				
2005	2	25	23.3				
2005	2	26	21.9				
2005	2	27	23.3				
2005	2	28	24.8				
2005	3	1	36.3				
2005	3	2	36				
2005	3	3	28.9				
2005	3	4	25.5				
2005	3	5	35.4				
2005	3	6	45.3				
2005	3	7	29.1				
2005	3	8	22.4				
2005	3	9	18.3				
2005	3	10	23.9				
2005	3	11	42.5				
2005	3	12	35				
2005	3	13	29.1				
2005	3	14	19.8				
2005	3	15	19.8				
2005	3	16	19.7				
2005	3	17	17.9				
2005	3	18	17.9				
2005	3	19	17				
2005	3	20	17				
2005	3	21	16.6				
2005	3	22	15.2				
2005	3	23	14.1				
2005	3	24	13.9				
2005	3	25	42.2				
2005	3	26	30.5				
2005	3	27	24.6				
2005	3	28	24.3				
2005	3	29	25.8				
2005	3	30	29.9				
2005	3	31	26.6				
2005	4	1	22.2				
2005	4	2	20.9				
2005	4	3	19.5				
2005	4	4	16.9				
2005	4	5	65.6				
2005	4	6	30.4				
2005	4	7	25.3				
2005	4	8	24.9				
2005	4	9	23.9				
2005	4	10	21.5				
2005	4	11	19.4				
2005	4	12	18.8				
2005	4	13	18				
2005	4	14	15.7				
2005	4	15	15.1				
2005	4	16	14.9				
2005	4	17	14.8				
2005	4	18	13.9				
2005	4	19	13.8				
2005	4	20	13.5				
2005	4	21	11.8				
2005	4	22	9.13				
2005	4	23	8.26				
2005	4	24	7.24				
2005	4	25	6.34				
2005	4	26	6.02				
2005	4	27	6.46				
2005	4	28	6.45				
2005	4	29	6.02				
2005	4	30	5.64				
2005	5	1	4.79				
2005	5	2	4.64				
2005	5	3	4.5				
2005	5	4	4.5				
2005	5	5	4.79				
2005	5	6	8.45				
2005	5	7	29.5				
2005	5	8	14.9				
2005	5	9	9.71				
2005	5	10	6.9				
2005	5	11	5.08				
2005	5	12	4.59				
2005	5	13	4.13				
2005	5	14	3.67				
2005	5	15	3.42				
2005	5	16	4.11				
2005	5	17	4.8				
2005	5	18	4.59				
2005	5	19	6.07				
2005	5	20	4.74				
2005	5	21	11.5				
2005	5	22	5.59				
2005	5	23	3.67				
2005	5	24	3.09				
2005	5	25	2.39				
2005	5	26	1.62				
2005	5	27	1.34				
2005	5	28	1.07				
2005	5	29	0.727				
2005	5	30	0.639				
2005	5	31	0.639				
2005	6	1	0.557				
2005	6	2	0.517				
2005	6	3	0.479				
2005	6	4	0.479				
2005	6	5	0.307				
2005	6	6	0.307				
2005	6	7	0.276				
2005	6	8	0.276				
2005	6	9	3.31				
2005	6	10	4.83				
2005	6	11	1.91				
2005	6	12	0.426				
2005	6	13	0.235				
2005	6	14	0.073				
2005	6	15	0.065				
2005	6	16	0.082				
2005	6	17	0.05				
2005	6	18	0.05				
2005	6	19	0.05				
2005	6	20	0.065				
2005	6	21	0.036				
2005	6	22	0.036				
2005	6	23	0.036				
2005	6	24	0.043				
2005	6	25	0.036				
2005	6	26	0.036				
2005	6	27	0.036				
2005	6	28	0.05				
2005	6	29	0.05				
2005	6	30	0.05				
2005	7	1	0.043				
2005	7	2	0.05				
2005	7	3	0.05				
2005	7	4	0.05				
2005	7	5	0.05				
2005	7	6	0.05				
2005	7	7	0.065				
2005	7	8	0.065				
2005	7	9	0.065				
2005	7	10	0.036				
2005	7	11	0.036				
2005	7	12	0.043				
2005	7	13	0.036				
2005	7	14	0.036				
2005	7	15	0.036				
2005	7	16	0.036				
2005	7	17	0.037				
2005	7	18	0.024				
2005	7	19	0.024				
2005	7	20	0.024				
2005	7	21	0.024				
2005	7	22	0.036				
2005	7	23	0.03				
2005	7	24	0.024				
2005	7	25	0.024				
2005	7	26	0.024				
2005	7	27	0.024				
2005	7	28	0.036				
2005	7	29	0.036				
2005	7	30	0.036				
2005	7	31	7.52				
2005	8	1	3.76				
2005	8	2	0.323				
2005	8	3	0.196				
2005	8	4	0.101				
2005	8	5	0.065				
2005	8	6	0.065				
2005	8	7	0.065				
2005	8	8	0.036				
2005	8	9	0.036				
2005	8	10	12.9				
2005	8	11	6.29				
2005	8	12	0.506				
2005	8	13	0.437				
2005	8	14	0.342				
2005	8	15	0.122				
2005	8	16	0.007				
2005	8	17	0.015				
2005	8	18	0.03				
2005	8	19	0.014				
2005	8	20	0.019				
2005	8	21	0.024				
2005	8	22	0.024				
2005	8	23	0.036				
2005	8	24	0.036				
2005	8	25	0.024				
2005	8	26	0.036				
2005	8	27	0.036				
2005	8	28	0.036				
2005	8	29	0.036				
2005	8	30	0.264				
2005	8	31	0.307				
2005	9	1	0.307				
2005	9	2	0.339				
2005	9	3	0.307				
2005	9	4	0.277				
2005	9	5	0.248				
2005	9	6	0.219				
2005	9	7	0.296				
2005	9	8	0.891				
2005	9	9	1.97				
2005	9	10	1.46				
2005	9	11	1.25				
2005	9	12	1.23				
2005	9	13	1.25				
2005	9	14	1.64				
2005	9	15	1.34				
2005	9	16	1.23				
2005	9	17	1.23				
2005	9	18	1.2				
2005	9	19	1.12				
2005	9	20	1.17				
2005	9	21	1.55				
2005	9	22	1.46				
2005	9	23	1.29				
2005	9	24	1.24				
2005	9	25	1.24				
2005	9	26	1.16				
2005	9	27	1.14				
2005	9	28	3.09				
2005	9	29	2.57				
2005	9	30	2.19				
2005	10	1	2.6				
2005	10	2	2.04				
2005	10	3	2.25				
2005	10	4	1.89				
2005	10	5	1.61				
2005	10	6	1.61				
2005	10	7	1.55				
2005	10	8	1.39				
2005	10	9	2.41				
2005	10	10	2.57				
2005	10	11	2.07				
2005	10	12	2.07				
2005	10	13	2.07				
2005	10	14	2.13				
2005	10	15	2.32				
2005	10	16	2.19				
2005	10	17	2.01				
2005	10	18	1.83				
2005	10	19	1.83				
2005	10	20	1.72				
2005	10	21	1.72				
2005	10	22	1.78				
2005	10	23	1.78				
2005	10	24	1.89				
2005	10	25	2.01				
2005	10	26	1.75				
2005	10	27	1.69				
2005	10	28	1.66				
2005	10	29	1.52				
2005	10	30	1.5				
2005	10	31	1.5				
2005	11	1	1.5				
2005	11	2	1.5				
2005	11	3	1.55				
2005	11	4	1.52				
2005	11	5	1.55				
2005	11	6	2.26				
2005	11	7	4.52				
2005	11	8	3.45				
2005	11	9	8.33				
2005	11	10	16.7				
2005	11	11	10.1				
2005	11	12	6.97				
2005	11	13	6.01				
2005	11	14	4.05				
2005	11	15	3.63				
2005	11	16	3.41				
2005	11	17	3.35				
2005	11	18	4.22				
2005	11	19	4.43				
2005	11	20	3.89				
2005	11	21	3.63				
2005	11	22	3.13				
2005	11	23	2.8				
2005	11	24	8.88				
2005	11	25	7.19				
2005	11	26	4.93				
2005	11	27	3.67				
2005	11	28	3.24				
2005	11	29	3.13				
2005	11	30	2.93				
2005	12	1	14.9				
2005	12	2	21.6				
2005	12	3	8.82				
2005	12	4	5.15				
2005	12	5	4.27				
2005	12	6	3.89				
2005	12	7	3.74				
2005	12	8	3.38				
2005	12	9	3.2				
2005	12	10	3.12				
2005	12	11	3.17				
2005	12	12	3.2				
2005	12	13	3.1				
2005	12	14	3.17				
2005	12	15	3.1				
2005	12	16	2.76				
2005	12	17	2.63				
2005	12	18	2.73				
2005	12	19	2.97				
2005	12	20	2.9				
2005	12	21	2.9				
2005	12	22	2.96				
2005	12	23	3.03				
2005	12	24	3.03				
2005	12	25	3.1				
2005	12	26	4.17				
2005	12	27	11.8				
2005	12	28	9.56				
2005	12	29	6.58				
2005	12	30	5.4				
2005	12	31	5.23				
2006	1	1	5.15				
2006	1	2	4.78				
2006	1	3	4.66				
2006	1	4	4.49				
2006	1	5	4.43				
2006	1	6	4.43				
2006	1	7	4.59				
2006	1	8	4.74				
2006	1	9	5.7				
2006	1	10	6.3				
2006	1	11	5.36				
2006	1	12	5.11				
2006	1	13	4.91				
2006	1	14	4.78				
2006	1	15	4.78				
2006	1	16	5.15				
2006	1	17	4.91				
2006	1	18	4.55				
2006	1	19	4.35				
2006	1	20	4.27				
2006	1	21	4.01				
2006	1	22	6.39				
2006	1	23	5.82				
2006	1	24	5.78				
2006	1	25	5.53				
2006	1	26	5.03				
2006	1	27	6.8				
2006	1	28	8.01				
2006	1	29	6.26				
2006	1	30	5.61				
2006	1	31	5.2				
2006	2	1	4.95				
2006	2	2	4.82				
2006	2	3	4.86				
2006	2	4	20.6				
2006	2	5	23.1				
2006	2	6	13.9				
2006	2	7	10.3				
2006	2	8	10.1				
2006	2	9	13.8				
2006	2	10	15.1				
2006	2	11	7.95				
2006	2	12	6.52				
2006	2	13	5.82				
2006	2	14	5.36				
2006	2	15	5.03				
2006	2	16	5.66				
2006	2	17	8.44				
2006	2	18	15.5				
2006	2	19	9.68				
2006	2	20	9.9				
2006	2	21	10				
2006	2	22	9.74				
2006	2	23	8.3				
2006	2	24	7.49				
2006	2	25	6.7				
2006	2	26	7.21				
2006	2	27	7.76				
2006	2	28	7.82				
2006	3	1	6.61				
2006	3	2	5.95				
2006	3	3	5.61				
2006	3	4	5.15				
2006	3	5	4.99				
2006	3	6	5.15				
2006	3	7	4.55				
2006	3	8	4.16				
2006	3	9	3.89				
2006	3	10	3.38				
2006	3	11	3.53				
2006	3	12	5.68				
2006	3	13	6.22				
2006	3	14	6.61				
2006	3	15	5.82				
2006	3	16	5.15				
2006	3	17	4.91				
2006	3	18	4.59				
2006	3	19	4.55				
2006	3	20	4.2				
2006	3	21	8.93				
2006	3	22	12.1				
2006	3	23	6.84				
2006	3	24	5.28				
2006	3	25	4.2				
2006	3	26	4.16				
2006	3	27	3.86				
2006	3	28	3.93				
2006	3	29	3.97				
2006	3	30	4.76				
2006	3	31	5.7				
2006	4	1	4.63				
2006	4	2	4.2				
2006	4	3	3.78				
2006	4	4	3.13				
2006	4	5	3.1				
2006	4	6	2.83				
2006	4	7	2.7				
2006	4	8	37.4				
2006	4	9	42.9				
2006	4	10	11.9				
2006	4	11	10.1				
2006	4	12	7.33				
2006	4	13	5.61				
2006	4	14	4.51				
2006	4	15	4.12				
2006	4	16	3.53				
2006	4	17	3.13				
2006	4	18	3.04				
2006	4	19	3.91				
2006	4	20	12.5				
2006	4	21	5.41				
2006	4	22	3.53				
2006	4	23	3				
2006	4	24	2.96				
2006	4	25	2.51				
2006	4	26	2.41				
2006	4	27	6.32				
2006	4	28	8.17				
2006	4	29	4.14				
2006	4	30	2.93				
2006	5	1	2.44				
2006	5	2	2.41				
2006	5	3	2.35				
2006	5	4	2.38				
2006	5	5	2.31				
2006	5	6	2.64				
2006	5	7	2.87				
2006	5	8	2.16				
2006	5	9	1.77				
2006	5	10	1.61				
2006	5	11	1.52				
2006	5	12	1.72				
2006	5	13	1.55				
2006	5	14	1.5				
2006	5	15	1.55				
2006	5	16	3.55				
2006	5	17	6.17				
2006	5	18	5.31				
2006	5	19	2.47				
2006	5	20	1.55				
2006	5	21	1.5				
2006	5	22	6.62				
2006	5	23	6.74				
2006	5	24	3.04				
2006	5	25	9.01				
2006	5	26	4.86				
2006	5	27	3.11				
2006	5	28	1.22				
2006	5	29	0.776				
2006	5	30	0.744				
2006	5	31	0.733				
2006	6	1	0.692				
2006	6	2	0.632				
2006	6	3	0.652				
2006	6	4	0.651				
2006	6	5	0.612				
2006	6	6	0.612				
2006	6	7	0.651				
2006	6	8	0.672				
2006	6	9	0.672				
2006	6	10	0.651				
2006	6	11	0.651				
2006	6	12	0.43				
2006	6	13	0.106				
2006	6	14	0.095				
2006	6	15	0.071				
2006	6	16	0.071				
2006	6	17	0.071				
2006	6	18	0.08				
2006	6	19	0.075				
2006	6	20	0.071				
2006	6	21	0.075				
2006	6	22	0.071				
2006	6	23	0.071				
2006	6	24	0.053				
2006	6	25	0.071				
2006	6	26	0.071				
2006	6	27	0.053				
2006	6	28	0.053				
2006	6	29	0.053				
2006	6	30	0.071				
2006	7	1	0.053				
2006	7	2	0.09				
2006	7	3	0.09				
2006	7	4	0.071				
2006	7	5	0.112				
2006	7	6	0.071				
2006	7	7	0.071				
2006	7	8	0.091				
2006	7	9	0.09				
2006	7	10	0.071				
2006	7	11	0.09				
2006	7	12	0.053				
2006	7	13	0.09				
2006	7	14	0.071				
2006	7	15	0.09				
2006	7	16	0.071				
2006	7	17	0.08				
2006	7	18	0.09				
2006	7	19	0.111				
2006	7	20	0.09				
2006	7	21	0.071				
2006	7	22	0.09				
2006	7	23	0.071				
2006	7	24	0.071				
2006	7	25	0.08				
2006	7	26	0.08				
2006	7	27	0.053				
2006	7	28	0.08				
2006	7	29	0.09				
2006	7	30	0.071				
2006	7	31	0.09				
2006	8	1	0.09				
2006	8	2	0.08				
2006	8	3	0.09				
2006	8	4	0.072				
2006	8	5	0.08				
2006	8	6	0.071				
2006	8	7	0.071				
2006	8	8	0.071				
2006	8	9	0.045				
2006	8	10	0.071				
2006	8	11	0.072				
2006	8	12	0.071				
2006	8	13	0.053				
2006	8	14	0.062				
2006	8	15	0.037				
2006	8	16	0.053				
2006	8	17	0.062				
2006	8	18	0.053				
2006	8	19	0.09				
2006	8	20	0.053				
2006	8	21	0.045				
2006	8	22	0.037				
2006	8	23	0.037				
2006	8	24	0.037				
2006	8	25	0.023				
2006	8	26	0.037				
2006	8	27	0.023				
2006	8	28	0.023				
2006	8	29	0.023				
2006	8	30	0.023				
2006	8	31	0.038				
2006	9	1	0.09				
2006	9	2	0.053				
2006	9	3	0.037				
2006	9	4	0.037				
2006	9	5	0.071				
2006	9	6	0.071				
2006	9	7	0.071				
2006	9	8	0.071				
2006	9	9	0.071				
2006	9	10	0.08				
2006	9	11	0.134				
2006	9	12	0.111				
2006	9	13	5.28				
2006	9	14	2.68				
2006	9	15	1.37				
2006	9	16	1.09				
2006	9	17	0.953				
2006	9	18	0.776				
2006	9	19	4.93				
2006	9	20	0.692				
2006	9	21	1.04				
2006	9	22	1.05				
2006	9	23	1.11				
2006	9	24	1.17				
2006	9	25	1.11				
2006	9	26	1.11				
2006	9	27	1.08				
2006	9	28	1.14				
2006	9	29	1.38				
2006	9	30	2.01				
2006	10	1	1.63				
2006	10	2	1.47				
2006	10	3	1.4				
2006	10	4	1.4				
2006	10	5	1.34				
2006	10	6	0.994				
2006	10	7	1.43				
2006	10	8	1.46				
2006	10	9	1.39				
2006	10	10	1.31				
2006	10	11	1.22				
2006	10	12	1.34				
2006	10	13	2.32				
2006	10	14	2.01				
2006	10	15	1.72				
2006	10	16	1.75				
2006	10	17	1.4				
2006	10	18	1.25				
2006	10	19	1.28				
2006	10	20	1.59				
2006	10	21	1.25				
2006	10	22	1.28				
2006	10	23	1.46				
2006	10	24	1.55				
2006	10	25	1.59				
2006	10	26	1.47				
2006	10	27	1.43				
2006	10	28	2.66				
2006	10	29	1.95				
2006	10	30	1.5				
2006	10	31	1.4				
2006	11	1	1.34				
2006	11	2	1.34				
2006	11	3	1.28				
2006	11	4	1.28				
2006	11	5	1.28				
2006	11	6	1.34				
2006	11	7	1.23				
2006	11	8	1.47				
2006	11	9	3.05				
2006	11	10	2.29				
2006	11	11	1.78				
2006	11	12	1.43				
2006	11	13	1.31				
2006	11	14	1.4				
2006	11	15	1.31				
2006	11	16	3.06				
2006	11	17	3.5				
2006	11	18	2.05				
2006	11	19	1.95				
2006	11	20	1.88				
2006	11	21	1.95				
2006	11	22	2.04				
2006	11	23	1.98				
2006	11	24	1.88				
2006	11	25	1.78				
2006	11	26	1.85				
2006	11	27	2.29				
2006	11	28	2.46				
2006	11	29	6.45				
2006	11	30	4.82				
2006	12	1	3.45				
2006	12	2	2.93				
2006	12	3	2.89				
2006	12	4	3.27				
2006	12	5	3.88				
2006	12	6	3.53				
2006	12	7	3.38				
2006	12	8	3.18				
2006	12	9	3.04				
2006	12	10	3.81				
2006	12	11	4.24				
2006	12	12	3.85				
2006	12	13	3.92				
2006	12	14	3.49				
2006	12	15	3.26				
2006	12	16	3.11				
2006	12	17	2.89				
2006	12	18	2.86				
2006	12	19	4.67				
2006	12	20	5.54				
2006	12	21	4.65				
2006	12	22	4.32				
2006	12	23	4.57				
2006	12	24	6.34				
2006	12	25	4.86				
2006	12	26	4.65				
2006	12	27	4.57				
2006	12	28	4.61				
2006	12	29	6.07				
2006	12	30	4.45				
2006	12	31	3.92				
2007	1	1	3.76				
2007	1	2	3.53				
2007	1	3	3.15				
2007	1	4	3.12				
2007	1	5	2.96				
2007	1	6	3.04				
2007	1	7	3.85				
2007	1	8	4.49				
2007	1	9	3.57				
2007	1	10	3.38				
2007	1	11	3.11				
2007	1	12	3.15				
2007	1	13	3.11				
2007	1	14	2.96				
2007	1	15	2.96				
2007	1	16	3.04				
2007	1	17	3.22				
2007	1	18	3.76				
2007	1	19	3.8				
2007	1	20	3.84				
2007	1	21	3.8				
2007	1	22	4.28				
2007	1	23	4.28				
2007	1	24	4.36				
2007	1	25	4.36				
2007	1	26	5.55				
2007	1	27	8.26				
2007	1	28	6.89				
2007	1	29	7.39				
2007	1	30	8.05				
2007	1	31	7.25				
2007	2	1	8.34				
2007	2	2	7.01				
2007	2	3	5.49				
2007	2	4	5.24				
2007	2	5	7.26				
2007	2	6	7.11				
2007	2	7	7.06				
2007	2	8	8.05				
2007	2	9	17.2				
2007	2	10	11.8				
2007	2	11	9.8				
2007	2	12	7.63				
2007	2	13	6.38				
2007	2	14	6.07				
2007	2	15	6.11				
2007	2	16	6.11				
2007	2	17	5.89				
2007	2	18	6.24				
2007	2	19	7.43				
2007	2	20	7.16				
2007	2	21	7.01				
2007	2	22	5.45				
2007	2	23	5.84				
2007	2	24	5.5				
2007	2	25	7.49				
2007	2	26	7.07				
2007	2	27	5.32				
2007	2	28	4.9				
2007	3	1	4.57				
2007	3	2	4.36				
2007	3	3	4.08				
2007	3	4	4.08				
2007	3	5	4.61				
2007	3	6	6.11				
2007	3	7	8.14				
2007	3	8	20.3				
2007	3	9	16.5				
2007	3	10	11.2				
2007	3	11	14.5				
2007	3	12	15.4				
2007	3	13	13.8				
2007	3	14	16.4				
2007	3	15	17.8				
2007	3	16	18.5				
2007	3	17	29.4				
2007	3	18	25.3				
2007	3	19	18.7				
2007	3	20	19.3				
2007	3	21	17.7				
2007	3	22	16.8				
2007	3	23	15.9				
2007	3	24	15.6				
2007	3	25	16				
2007	3	26	16.9				
2007	3	27	20.9				
2007	3	28	44.5				
2007	3	29	43.5				
2007	3	30	41.9				
2007	3	31	29.8				
2007	4	1	24.5				
2007	4	2	25.4				
2007	4	3	39.4				
2007	4	4	41.9				
2007	4	5	30.3				
2007	4	6	26.4				
2007	4	7	23.2				
2007	4	8	21				
2007	4	9	19.3				
2007	4	10	18.8				
2007	4	11	18.6				
2007	4	12	19.3				
2007	4	13	18.1				
2007	4	14	16.4				
2007	4	15	15.6				
2007	4	16	17.1				
2007	4	17	14.7				
2007	4	18	12.1				
2007	4	19	10.2				
2007	4	20	9.41				
2007	4	21	8.56				
2007	4	22	7.53				
2007	4	23	8.29				
2007	4	24	10.5				
2007	4	25	7.96				
2007	4	26	7.99				
2007	4	27	7.33				
2007	4	28	8.77				
2007	4	29	7.95				
2007	4	30	5.91				
2007	5	1	4.86				
2007	5	2	4.49				
2007	5	3	3.88				
2007	5	4	3.47				
2007	5	5	3.4				
2007	5	6	3.47				
2007	5	7	3.14				
2007	5	8	3.87				
2007	5	9	3.88				
2007	5	10	3.17				
2007	5	11	3.04				
2007	5	12	3.04				
2007	5	13	3.01				
2007	5	14	2.95				
2007	5	15	4.86				
2007	5	16	51.7				
2007	5	17	15.5				
2007	5	18	8.52				
2007	5	19	5.68				
2007	5	20	4.89				
2007	5	21	4.34				
2007	5	22	3.64				
2007	5	23	3.51				
2007	5	24	3.2				
2007	5	25	2.76				
2007	5	26	2.45				
2007	5	27	1.9				
2007	5	28	1.51				
2007	5	29	1.16				
2007	5	30	0.984				
2007	5	31	0.938				
2007	6	1	0.789				
2007	6	2	0.649				
2007	6	3	0.629				
2007	6	4	0.61				
2007	6	5	3.62				
2007	6	6	26.6				
2007	6	7	3.53				
2007	6	8	1.64				
2007	6	9	1.16				
2007	6	10	0.982				
2007	6	11	0.894				
2007	6	12	0.894				
2007	6	13	0.691				
2007	6	14	0.335				
2007	6	15	0.205				
2007	6	16	0.192				
2007	6	17	0.192				
2007	6	18	0.156				
2007	6	19	0.12				
2007	6	20	0.12				
2007	6	21	0.098				
2007	6	22	0.098				
2007	6	23	0.098				
2007	6	24	0.078				
2007	6	25	0.078				
2007	6	26	0.098				
2007	6	27	0.233				
2007	6	28	1.35				
2007	6	29	1.36				
2007	6	30	0.67				
2007	7	1	0.192				
2007	7	2	0.109				
2007	7	3	0.12				
2007	7	4	0.142				
2007	7	5	0.12				
2007	7	6	0.078				
2007	7	7	0.098				
2007	7	8	0.098				
2007	7	9	0.088				
2007	7	10	0.246				
2007	7	11	1.75				
2007	7	12	1.27				
2007	7	13	0.536				
2007	7	14	0.465				
2007	7	15	0.222				
2007	7	16	0.088				
2007	7	17	0.078				
2007	7	18	0.088				
2007	7	19	1.52				
2007	7	20	10.9				
2007	7	21	7.06				
2007	7	22	2.17				
2007	7	23	0.938				
2007	7	24	0.77				
2007	7	25	0.454				
2007	7	26	0.231				
2007	7	27	0.192				
2007	7	28	0.179				
2007	7	29	0.179				
2007	7	30	0.12				
2007	7	31	0.098				
2007	8	1	0.078				
2007	8	2	0.078				
2007	8	3	0.078				
2007	8	4	0.078				
2007	8	5	25.6				
2007	8	6	5.34				
2007	8	7	1.94				
2007	8	8	1.19				
2007	8	9	0.894				
2007	8	10	0.507				
2007	8	11	0.261				
2007	8	12	7.03				
2007	8	13	1.38				
2007	8	14	0.62				
2007	8	15	0.167				
2007	8	16	0.218				
2007	8	17	0.218				
2007	8	18	0.377				
2007	8	19	4.18				
2007	8	20	7.13				
2007	8	21	2.39				
2007	8	22	1.49				
2007	8	23	1.07				
2007	8	24	0.811				
2007	8	25	0.707				
2007	8	26	0.649				
2007	8	27	0.5				
2007	8	28	0.5				
2007	8	29	0.465				
2007	8	30	0.431				
2007	8	31	0.465				
2007	9	1	0.431				
2007	9	2	0.431				
2007	9	3	0.382				
2007	9	4	0.398				
2007	9	5	0.414				
2007	9	6	0.398				
2007	9	7	0.398				
2007	9	8	0.398				
2007	9	9	0.366				
2007	9	10	0.398				
2007	9	11	0.274				
2007	9	12	0.289				
2007	9	13	0.472				
2007	9	14	0.729				
2007	9	15	0.768				
2007	9	16	0.768				
2007	9	17	0.83				
2007	9	18	0.809				
2007	9	19	0.941				
2007	9	20	1.16				
2007	9	21	1.07				
2007	9	22	1.12				
2007	9	23	1.11				
2007	9	24	1.16				
2007	9	25	1.09				
2007	9	26	1.16				
2007	9	27	1.3				
2007	9	28	1.35				
2007	9	29	1.84				
2007	9	30	20.6				
2007	10	1	4.25				
2007	10	2	3.21				
2007	10	3	2.56				
2007	10	4	2.41				
2007	10	5	2.2				
2007	10	6	2.23				
2007	10	7	2.14				
2007	10	8	2.26				
2007	10	9	2.38				
2007	10	10	2.35				
2007	10	11	2.29				
2007	10	12	2.17				
2007	10	13	1.53				
2007	10	14	1.42				
2007	10	15	1.4				
2007	10	16	1.93				
2007	10	17	1.9				
2007	10	18	1.93				
2007	10	19	2.14				
2007	10	20	2.14				
2007	10	21	2.05				
2007	10	22	1.93				
2007	10	23	2.08				
2007	10	24	2.02				
2007	10	25	1.9				
2007	10	26	1.88				
2007	10	27	1.49				
2007	10	28	1.51				
2007	10	29	1.46				
2007	10	30	1.46				
2007	10	31	1.41				
2007	11	1	1.36				
2007	11	2	1.36				
2007	11	3	1.34				
2007	11	4	1.31				
2007	11	5	1.31				
2007	11	6	1.43				
2007	11	7	1.43				
2007	11	8	1.41				
2007	11	9	1.36				
2007	11	10	1.38				
2007	11	11	1.43				
2007	11	12	1.36				
2007	11	13	1.43				
2007	11	14	1.51				
2007	11	15	1.41				
2007	11	16	1.41				
2007	11	17	1.38				
2007	11	18	1.49				
2007	11	19	1.41				
2007	11	20	1.46				
2007	11	21	1.42				
2007	11	22	1.6				
2007	11	23	1.82				
2007	11	24	2.83				
2007	11	25	2.06				
2007	11	26	2.13				
2007	11	27	2.04				
2007	11	28	2.04				
2007	11	29	2.01				
2007	11	30	2.49				
2007	12	1	2.31				
2007	12	2	2.01				
2007	12	3	2.2				
2007	12	4	5.2				
2007	12	5	3.77				
2007	12	6	2.65				
2007	12	7	2.32				
2007	12	8	2.21				
2007	12	9	2.96				
2007	12	10	2.81				
2007	12	11	2.32				
2007	12	12	2.25				
2007	12	13	2.22				
2007	12	14	2.31				
2007	12	15	1.81				
2007	12	16	1.78				
2007	12	17	1.73				
2007	12	18	1.81				
2007	12	19	1.81				
2007	12	20	2.5				
2007	12	21	3.16				
2007	12	22	2.43				
2007	12	23	2.37				
2007	12	24	2.34				
2007	12	25	2.49				
2007	12	26	2.34				
2007	12	27	2.25				
2007	12	28	2.28				
2007	12	29	2.16				
2007	12	30	2.13				
2007	12	31	2.1				
2008	1	1	2.13				
2008	1	2	2.04				
2008	1	3	2.13				
2008	1	4	2.94				
2008	1	5	2.75				
2008	1	6	2.56				
2008	1	7	2.65				
2008	1	8	2.31				
2008	1	9	2.13				
2008	1	10	2.16				
2008	1	11	2.19				
2008	1	12	2.19				
2008	1	13	2.25				
2008	1	14	2.16				
2008	1	15	2.19				
2008	1	16	2.1				
2008	1	17	2.13				
2008	1	18	2.16				
2008	1	19	2.16				
2008	1	20	2.07				
2008	1	21	2.07				
2008	1	22	2.09				
2008	1	23	2.07				
2008	1	24	2.13				
2008	1	25	2.04				
2008	1	26	2.03				
2008	1	27	2.07				
2008	1	28	2.07				
2008	1	29	2.07				
2008	1	30	2.04				
2008	1	31	2.1				
2008	2	1	2.34				
2008	2	2	2.4				
2008	2	3	2.31				
2008	2	4	2.77				
2008	2	5	2.84				
2008	2	6	2.75				
2008	2	7	2.82				
2008	2	8	2.79				
2008	2	9	2.96				
2008	2	10	2.75				
2008	2	11	2.72				
2008	2	12	3.06				
2008	2	13	3.19				
2008	2	14	3.16				
2008	2	15	3.16				
2008	2	16	4.48				
2008	2	17	5.86				
2008	2	18	8.26				
2008	2	19	15.3				
2008	2	20	27.6				
2008	2	21	12.2				
2008	2	22	6.79				
2008	2	23	5.49				
2008	2	24	5.02				
2008	2	25	4.98				
2008	2	26	4.98				
2008	2	27	8.02				
2008	2	28	8.24				
2008	2	29	6.27				
2008	3	1	7.32				
2008	3	2	8.75				
2008	3	3	9.03				
2008	3	4	11.1				
2008	3	5	25.3				
2008	3	6	21.5				
2008	3	7	17				
2008	3	8	15.8				
2008	3	9	12.3				
2008	3	10	9.93				
2008	3	11	9.7				
2008	3	12	10.6				
2008	3	13	9.87				
2008	3	14	8.92				
2008	3	15	8.75				
2008	3	16	11.1				
2008	3	17	14.3				
2008	3	18	9.59				
2008	3	19	6.79				
2008	3	20	6				
2008	3	21	5.43				
2008	3	22	5.39				
2008	3	23	5.3				
2008	3	24	5.05				
2008	3	25	4.4				
2008	3	26	4.68				
2008	3	27	4.28				
2008	3	28	3.78				
2008	3	29	4.58				
2008	3	30	3.93				
2008	3	31	3.82				
2008	4	1	3.56				
2008	4	2	3.13				
2008	4	3	3.42				
2008	4	4	3.28				
2008	4	5	2.86				
2008	4	6	2.67				
2008	4	7	2.41				
2008	4	8	2.17				
2008	4	9	2.08				
2008	4	10	2.32				
2008	4	11	2.05				
2008	4	12	1.58				
2008	4	13	1.3				
2008	4	14	1.21				
2008	4	15	0.874				
2008	4	16	0.619				
2008	4	17	0.548				
2008	4	18	0.548				
2008	4	19	0.498				
2008	4	20	0.515				
2008	4	21	0.619				
2008	4	22	0.732				
2008	4	23	0.549				
2008	4	24	0.514				
2008	4	25	0.514				
2008	4	26	0.481				
2008	4	27	0.127				
2008	4	28	0.091				
2008	4	29	0.091				
2008	4	30	0.117				
2008	5	1	0.1				
2008	5	2	0.091				
2008	5	3	0.127				
2008	5	4	0.137				
2008	5	5	0.146				
2008	5	6	0.146				
2008	5	7	0.127				
2008	5	8	0.127				
2008	5	9	0.108				
2008	5	10	0.108				
2008	5	11	0.146				
2008	5	12	0.156				
2008	5	13	0.127				
2008	5	14	0.147				
2008	5	15	0.188				
2008	5	16	0.188				
2008	5	17	0.167				
2008	5	18	0.211				
2008	5	19	0.188				
2008	5	20	0.167				
2008	5	21	0.194				
2008	5	22	0.26				
2008	5	23	0.127				
2008	5	24	0.167				
2008	5	25	0.264				
2008	5	26	0.477				
2008	5	27	0.649				
2008	5	28	0.594				
2008	5	29	0.612				
2008	5	30	0.596				
2008	5	31	0.398				
2008	6	1	0.26				
2008	6	2	0.177				
2008	6	3	0.177				
2008	6	4	0.167				
2008	6	5	0.167				
2008	6	6	0.188				
2008	6	7	0.211				
2008	6	8	0.211				
2008	6	9	0.211				
2008	6	10	0.235				
2008	6	11	0.235				
2008	6	12	0.223				
2008	6	13	0.167				
2008	6	14	0.167				
2008	6	15	0.211				
2008	6	16	0.167				
2008	6	17	0.235				
2008	6	18	0.167				
2008	6	19	0.167				
2008	6	20	0.177				
2008	6	21	0.177				
2008	6	22	0.199				
2008	6	23	0.199				
2008	6	24	0.201				
2008	6	25	0.178				
2008	6	26	0.167				
2008	6	27	0.146				
2008	6	28	0.146				
2008	6	29	0.199				
2008	6	30	0.177				
2008	7	1	0.167				
2008	7	2	0.147				
2008	7	3	0.091				
2008	7	4	0.091				
2008	7	5	0.075				
2008	7	6	0.201				
2008	7	7	0.156				
2008	7	8	0.127				
2008	7	9	0.117				
2008	7	10	0.127				
2008	7	11	0.091				
2008	7	12	0.091				
2008	7	13	0.108				
2008	7	14	0.108				
2008	7	15	0.108				
2008	7	16	0.091				
2008	7	17	0.51				
2008	7	18	0.354				
2008	7	19	0.259				
2008	7	20	0.259				
2008	7	21	0.223				
2008	7	22	0.199				
2008	7	23	0.223				
2008	7	24	0.167				
2008	7	25	0.127				
2008	7	26	0.091				
2008	7	27	0.091				
2008	7	28	0.091				
2008	7	29	0.108				
2008	7	30	0.127				
2008	7	31	0.091				
2008	8	1	0.127				
2008	8	2	0.146				
2008	8	3	0.146				
2008	8	4	0.137				
2008	8	5	0.146				
2008	8	6	0.151				
2008	8	7	0.127				
2008	8	8	0.117				
2008	8	9	0.108				
2008	8	10	0.075				
2008	8	11	0.075				
2008	8	12	0.091				
2008	8	13	0.1				
2008	8	14	0.108				
2008	8	15	0.127				
2008	8	16	0.167				
2008	8	17	0.167				
2008	8	18	0.177				
2008	8	19	0.188				
2008	8	20	0.188				
2008	8	21	0.188				
2008	8	22	0.188				
2008	8	23	0.199				
2008	8	24	0.211				
2008	8	25	0.211				
2008	8	26	0.217				
2008	8	27	0.217				
2008	8	28	0.211				
2008	8	29	0.188				
2008	8	30	0.177				
2008	8	31	0.177				
2008	9	1	0.189				
2008	9	2	0.167				
2008	9	3	0.146				
2008	9	4	0.146				
2008	9	5	1.96				
2008	9	6	0.792				
2008	9	7	0.688				
2008	9	8	0.384				
2008	9	9	0.243				
2008	9	10	0.331				
2008	9	11	0.099				
2008	9	12	0.124				
2008	9	13	0.083				
2008	9	14	0.099				
2008	9	15	0.099				
2008	9	16	0.116				
2008	9	17	0.116				
2008	9	18	0.115				
2008	9	19	0.206				
2008	9	20	0.133				
2008	9	21	0.228				
2008	9	22	0.336				
2008	9	23	0.349				
2008	9	24	0.378				
2008	9	25	0.378				
2008	9	26	0.503				
2008	9	27	0.569				
2008	9	28	0.675				
2008	9	29	8.66				
2008	9	30	1.98				
2008	10	1	1.45				
2008	10	2	1.66				
2008	10	3	1.08				
2008	10	4	1.06				
2008	10	5	0.95				
2008	10	6	0.929				
2008	10	7	0.868				
2008	10	8	0.858				
2008	10	9	0.781				
2008	10	10	0.75				
2008	10	11	0.995				
2008	10	12	0.769				
2008	10	13	0.712				
2008	10	14	0.639				
2008	10	15	0.712				
2008	10	16	1.22				
2008	10	17	1.36				
2008	10	18	1.08				
2008	10	19	1.17				
2008	10	20	1.06				
2008	10	21	1.04				
2008	10	22	0.992				
2008	10	23	0.971				
2008	10	24	0.899				
2008	10	25	0.899				
2008	10	26	0.799				
2008	10	27	1.65				
2008	10	28	1.53				
2008	10	29	1.36				
2008	10	30	1.23				
2008	10	31	1.11				
2008	11	1	1.08				
2008	11	2	1.05				
2008	11	3	0.971				
2008	11	4	1.05				
2008	11	5	1.04				
2008	11	6	1.04				
2008	11	7	1.02				
2008	11	8	0.994				
2008	11	9	1.12				
2008	11	10	1.06				
2008	11	11	1.1				
2008	11	12	1.1				
2008	11	13	1.13				
2008	11	14	1.12				
2008	11	15	0.992				
2008	11	16	1				
2008	11	17	0.98				
2008	11	18	1.06				
2008	11	19	1.13				
2008	11	20	1.04				
2008	11	21	1.19				
2008	11	22	1.24				
2008	11	23	1.08				
2008	11	24	1.02				
2008	11	25	0.99				
2008	11	26	0.868				
2008	11	27	0.848				
2008	11	28	0.828				
2008	11	29	0.75				
2008	11	30	0.639				
2008	12	1	0.639				
2008	12	2	2.81				
2008	12	3	2.18				
2008	12	4	3.26				
2008	12	5	20.9				
2008	12	6	14.1				
2008	12	7	3.54				
2008	12	8	2.63				
2008	12	9	2.1				
2008	12	10	2.04				
2008	12	11	1.87				
2008	12	12	2.04				
2008	12	13	2.07				
2008	12	14	2.04				
2008	12	15	2.04				
2008	12	16	2.1				
2008	12	17	1.96				
2008	12	18	1.76				
2008	12	19	1.63				
2008	12	20	1.6				
2008	12	21	1.66				
2008	12	22	1.55				
2008	12	23	1.55				
2008	12	24	1.58				
2008	12	25	1.58				
2008	12	26	1.58				
2008	12	27	1.42				
2008	12	28	1.4				
2008	12	29	1.45				
2008	12	30	1.5				
2008	12	31	1.45				
2009	1	1	1.39				
2009	1	2	1.74				
2009	1	3	1.85				
2009	1	4	1.83				
2009	1	5	1.74				
2009	1	6	1.63				
2009	1	7	1.52				
2009	1	8	1.58				
2009	1	9	1.6				
2009	1	10	1.52				
2009	1	11	1.55				
2009	1	12	1.58				
2009	1	13	1.58				
2009	1	14	1.61				
2009	1	15	1.6				
2009	1	16	1.6				
2009	1	17	1.55				
2009	1	18	1.45				
2009	1	19	1.45				
2009	1	20	1.5				
2009	1	21	1.52				
2009	1	22	1.79				
2009	1	23	2.42				
2009	1	24	2.21				
2009	1	25	2.04				
2009	1	26	2.07				
2009	1	27	1.98				
2009	1	28	2.39				
2009	1	29	5.45				
2009	1	30	3.71				
2009	1	31	3.21				
2009	2	1	3.49				
2009	2	2	9.19				
2009	2	3	10.7				
2009	2	4	8.17				
2009	2	5	6.42				
2009	2	6	4.55				
2009	2	7	5.43				
2009	2	8	8.53				
2009	2	9	9.06				
2009	2	10	9.22				
2009	2	11	10.6				
2009	2	12	19.7				
2009	2	13	25.3				
2009	2	14	15.3				
2009	2	15	12.9				
2009	2	16	14.2				
2009	2	17	12.4				
2009	2	18	13				
2009	2	19	39.6				
2009	2	20	17.9				
2009	2	21	8.27				
2009	2	22	8.32				
2009	2	23	8.64				
2009	2	24	9.27				
2009	2	25	8.11				
2009	2	26	6.93				
2009	2	27	5.7				
2009	2	28	6.01				
2009	3	1	6.3				
2009	3	2	7.26				
2009	3	3	7.11				
2009	3	4	7.26				
2009	3	5	6.86				
2009	3	6	6.58				
2009	3	7	5.7				
2009	3	8	5.24				
2009	3	9	4.77				
2009	3	10	7.32				
2009	3	11	9.06				
2009	3	12	6.89				
2009	3	13	5.03				
2009	3	14	4.68				
2009	3	15	5.07				
2009	3	16	5.38				
2009	3	17	4.3				
2009	3	18	6.07				
2009	3	19	4.02				
2009	3	20	4.68				
2009	3	21	4.64				
2009	3	22	4.72				
2009	3	23	6.53				
2009	3	24	5.7				
2009	3	25	5.16				
2009	3	26	11.1				
2009	3	27	9.27				
2009	3	28	5.16				
2009	3	29	4.11				
2009	3	30	3.82				
2009	3	31	4.43				
2009	4	1	11.1				
2009	4	2	9.9				
2009	4	3	9.22				
2009	4	4	6.34				
2009	4	5	6.82				
2009	4	6	12.9				
2009	4	7	12.7				
2009	4	8	6.68				
2009	4	9	5.75				
2009	4	10	5.03				
2009	4	11	16.4				
2009	4	12	10.7				
2009	4	13	7.51				
2009	4	14	27.6				
2009	4	15	22.6				
2009	4	16	30.5				
2009	4	17	27.5				
2009	4	18	15.8				
2009	4	19	11				
2009	4	20	11.5				
2009	4	21	20.9				
2009	4	22	13.6				
2009	4	23	9.65				
2009	4	24	9.01				
2009	4	25	25.5				
2009	4	26	22.7				
2009	4	27	24.7				
2009	4	28	29				
2009	4	29	16.8				
2009	4	30	12.3				
2009	5	1	9.44				
2009	5	2	7.36				
2009	5	3	6.11				
2009	5	4	5.74				
2009	5	5	5.25				
2009	5	6	5.07				
2009	5	7	4.68				
2009	5	8	4.47				
2009	5	9	3.86				
2009	5	10	3.51				
2009	5	11	3.52				
2009	5	12	3.9				
2009	5	13	3.82				
2009	5	14	3.51				
2009	5	15	3.01				
2009	5	16	2.41				
2009	5	17	2.12				
2009	5	18	3.2				
2009	5	19	11				
2009	5	20	5.07				
2009	5	21	3.16				
2009	5	22	2.65				
2009	5	23	2.28				
2009	5	24	2.15				
2009	5	25	2.19				
2009	5	26	2.35				
2009	5	27	2.27				
2009	5	28	2.28				
2009	5	29	2.12				
2009	5	30	2.84				
2009	5	31	4.26				
2009	6	1	2.48				
2009	6	2	2.56				
2009	6	3	2.8				
2009	6	4	2.05				
2009	6	5	1.56				
2009	6	6	1.04				
2009	6	7	0.657				
2009	6	8	0.273				
2009	6	9	0.377				
2009	6	10	0.204				
2009	6	11	0.182				
2009	6	12	0.154				
2009	6	13	0.182				
2009	6	14	0.168				
2009	6	15	0.182				
2009	6	16	0.182				
2009	6	17	0.154				
2009	6	18	0.168				
2009	6	19	0.128				
2009	6	20	0.154				
2009	6	21	0.154				
2009	6	22	0.168				
2009	6	23	0.141				
2009	6	24	0.128				
2009	6	25	0.083				
2009	6	26	0.083				
2009	6	27	0.116				
2009	6	28	0.104				
2009	6	29	0.116				
2009	6	30	0.116				
2009	7	1	0.093				
2009	7	2	0.093				
2009	7	3	0.105				
2009	7	4	0.082				
2009	7	5	0.116				
2009	7	6	0.141				
2009	7	7	0.072				
2009	7	8	0.082				
2009	7	9	0.093				
2009	7	10	0.072				
2009	7	11	0.093				
2009	7	12	0.082				
2009	7	13	0.061				
2009	7	14	0.105				
2009	7	15	0.104				
2009	7	16	0.082				
2009	7	17	0.104				
2009	7	18	0.082				
2009	7	19	0.104				
2009	7	20	0.093				
2009	7	21	0.104				
2009	7	22	0.104				
2009	7	23	0.105				
2009	7	24	0.105				
2009	7	25	0.104				
2009	7	26	0.093				
2009	7	27	0.076				
2009	7	28	0.082				
2009	7	29	0.104				
2009	7	30	0.155				
2009	7	31	0.491				
2009	8	1	0.261				
2009	8	2	0.183				
2009	8	3	0.154				
2009	8	4	0.197				
2009	8	5	0.323				
2009	8	6	0.213				
2009	8	7	0.116				
2009	8	8	0.128				
2009	8	9	0.183				
2009	8	10	0.093				
2009	8	11	0.093				
2009	8	12	0.273				
2009	8	13	0.183				
2009	8	14	0.257				
2009	8	15	0.581				
2009	8	16	4.95				
2009	8	17	2.52				
2009	8	18	3.12				
2009	8	19	0.911				
2009	8	20	0.377				
2009	8	21	0.306				
2009	8	22	0.155				
2009	8	23	0.129				
2009	8	24	0.183				
2009	8	25	0.244				
2009	8	26	0.53				
2009	8	27	0.308				
2009	8	28	0.155				
2009	8	29	0.141				
2009	8	30	0.128				
2009	8	31	0.104				
2009	9	1	0.104				
2009	9	2	0.116				
2009	9	3	0.082				
2009	9	4	0.105				
2009	9	5	0.128				
2009	9	6	0.104				
2009	9	7	0.104				
2009	9	8	0.104				
2009	9	9	0.104				
2009	9	10	0.116				
2009	9	11	0.141				
2009	9	12	0.141				
2009	9	13	0.104				
2009	9	14	0.128				
2009	9	15	0.211				
2009	9	16	0.182				
2009	9	17	0.259				
2009	9	18	0.511				
2009	9	19	1.19				
2009	9	20	1.83				
2009	9	21	1.47				
2009	9	22	0.939				
2009	9	23	0.738				
2009	9	24	1.53				
2009	9	25	14.3				
2009	9	26	9.82				
2009	9	27	4.41				
2009	9	28	3.4				
2009	9	29	2.7				
2009	9	30	2.49				
2009	10	1	2.22				
2009	10	2	1.99				
2009	10	3	1.74				
2009	10	4	1.59				
2009	10	5	1.62				
2009	10	6	1.62				
2009	10	7	1.65				
2009	10	8	1.62				
2009	10	9	1.62				
2009	10	10	1.56				
2009	10	11	1.47				
2009	10	12	1.41				
2009	10	13	1.47				
2009	10	14	1.47				
2009	10	15	1.36				
2009	10	16	1.33				
2009	10	17	1.38				
2009	10	18	1.3				
2009	10	19	1.27				
2009	10	20	1.24				
2009	10	21	1.19				
2009	10	22	1.14				
2009	10	23	1.16				
2009	10	24	1.14				
2009	10	25	1.08				
2009	10	26	1.09				
2009	10	27	1.41				
2009	10	28	1.53				
2009	10	29	1.35				
2009	10	30	1.41				
2009	10	31	1.25				
2009	11	1	1.28				
2009	11	2	0.967				
2009	11	3	0.955				
2009	11	4	0.856				
2009	11	5	1.75				
2009	11	6	1.53				
2009	11	7	11.6				
2009	11	8	8.26				
2009	11	9	3.36				
2009	11	10	2.15				
2009	11	11	2.02				
2009	11	12	1.8				
2009	11	13	1.86				
2009	11	14	1.83				
2009	11	15	1.83				
2009	11	16	1.53				
2009	11	17	1.62				
2009	11	18	1.53				
2009	11	19	1.71				
2009	11	20	2.22				
2009	11	21	2.08				
2009	11	22	11.8				
2009	11	23	9.07				
2009	11	24	5.57				
2009	11	25	6.22				
2009	11	26	5.57				
2009	11	27	4.66				
2009	11	28	5.44				
2009	11	29	4.49				
2009	11	30	3.39				
2009	12	1	2.84				
2009	12	2	5.21				
2009	12	3	16.4				
2009	12	4	9.83				
2009	12	5	5.62				
2009	12	6	5.05				
2009	12	7	2.67				
2009	12	8	4.97				
2009	12	9	9.31				
2009	12	10	9.64				
2009	12	11	7.54				
2009	12	12	5.53				
2009	12	13	4.32				
2009	12	14	4.15				
2009	12	15	7.47				
2009	12	16	11				
2009	12	17	6.84				
2009	12	18	5.63				
2009	12	19	5.53				
2009	12	20	5.99				
2009	12	21	6.27				
2009	12	22	5				
2009	12	23	4.49				
2009	12	24	4.49				
2009	12	25	5.04				
2009	12	26	5.26				
2009	12	27	4.99				
2009	12	28	4.24				
2009	12	29	3.44				
2009	12	30	3.1				
2009	12	31	2.91				
2010	1	1	3.67				
2010	1	2	3.55				
2010	1	3	3.29				
2010	1	4	2.84				
2010	1	5	2.56				
2010	1	6	4.47				
2010	1	7	5.99				
2010	1	8	4.49				
2010	1	9	3.59				
2010	1	10	3.44				
2010	1	11	3.36				
2010	1	12	3.13				
2010	1	13	3.13				
2010	1	14	3.21				
2010	1	15	3.17				
2010	1	16	2.7				
2010	1	17	2.7				
2010	1	18	2.7				
2010	1	19	2.66				
2010	1	20	2.66				
2010	1	21	2.66				
2010	1	22	2.73				
2010	1	23	2.73				
2010	1	24	2.77				
2010	1	25	2.7				
2010	1	26	3.72				
2010	1	27	12.3				
2010	1	28	5.82				
2010	1	29	4.65				
2010	1	30	4.57				
2010	1	31	6.1				
2010	2	1	7.13				
2010	2	2	6.84				
2010	2	3	5.18				
2010	2	4	5.18				
2010	2	5	9.53				
2010	2	6	32.7				
2010	2	7	12.9				
2010	2	8	8.65				
2010	2	9	8.34				
2010	2	10	8.34				
2010	2	11	10.9				
2010	2	12	11.2				
2010	2	13	16.8				
2010	2	14	10.7				
2010	2	15	10.5				
2010	2	16	12.2				
2010	2	17	24.2				
2010	2	18	28.4				
2010	2	19	26.7				
2010	2	20	20.8				
2010	2	21	17.7				
2010	2	22	16.4				
2010	2	23	81.9				
2010	2	24	73.3				
2010	2	25	24.5				
2010	2	26	16.8				
2010	2	27	18.4				
2010	2	28	20.4				
2010	3	1	15.8				
2010	3	2	14.4				
2010	3	3	14.1				
2010	3	4	12.4				
2010	3	5	17.8				
2010	3	6	21.1				
2010	3	7	13.5				
2010	3	8	11.6				
2010	3	9	10.4				
2010	3	10	9.76				
2010	3	11	9.93				
2010	3	12	9.56				
2010	3	13	9.17				
2010	3	14	8.59				
2010	3	15	8.49				
2010	3	16	8.6				
2010	3	17	9.45				
2010	3	18	11.1				
2010	3	19	12				
2010	3	20	21.3				
2010	3	21	13.6				
2010	3	22	12.8				
2010	3	23	14.8				
2010	3	24	16.4				
2010	3	25	13.5				
2010	3	26	12				
2010	3	27	10.2				
2010	3	28	9.66				
2010	3	29	9.66				
2010	3	30	8.88				
2010	3	31	8.22				
2010	4	1	7.57				
2010	4	2	8.41				
2010	4	3	8.78				
2010	4	4	7.93				
2010	4	5	7.3				
2010	4	6	10.8				
2010	4	7	9.12				
2010	4	8	8.02				
2010	4	9	7.39				
2010	4	10	7.3				
2010	4	11	8.03				
2010	4	12	7.39				
2010	4	13	6.18				
2010	4	14	5.61				
2010	4	15	6.51				
2010	4	16	5.22				
2010	4	17	4.76				
2010	4	18	4.61				
2010	4	19	11.8				
2010	4	20	72.2				
2010	4	21	32				
2010	4	22	13.3				
2010	4	23	10.1				
2010	4	24	13.8				
2010	4	25	14.5				
2010	4	26	33.9				
2010	4	27	16.8				
2010	4	28	10.8				
2010	4	29	9.98				
2010	4	30	12.7				
2010	5	1	15.6				
2010	5	2	11.7				
2010	5	3	11.9				
2010	5	4	10.2				
2010	5	5	13.1				
2010	5	6	19.5				
2010	5	7	16.1				
2010	5	8	11.6				
2010	5	9	9.78				
2010	5	10	8.22				
2010	5	11	6.95				
2010	5	12	6.22				
2010	5	13	5.77				
2010	5	14	5.49				
2010	5	15	5.53				
2010	5	16	10.6				
2010	5	17	7.49				
2010	5	18	5.49				
2010	5	19	4.32				
2010	5	20	3.92				
2010	5	21	3.89				
2010	5	22	3.68				
2010	5	23	3.22				
2010	5	24	2.85				
2010	5	25	2.82				
2010	5	26	2.43				
2010	5	27	2.2				
2010	5	28	2.1				
2010	5	29	1.89				
2010	5	30	1.54				
2010	5	31	1.13				
2010	6	1	1.05				
2010	6	2	0.799				
2010	6	3	0.657				
2010	6	4	0.607				
2010	6	5	0.512				
2010	6	6	0.452				
2010	6	7	0.303				
2010	6	8	0.267				
2010	6	9	0.211				
2010	6	10	0.301				
2010	6	11	0.342				
2010	6	12	0.292				
2010	6	13	0.221				
2010	6	14	0.159				
2010	6	15	0.141				
2010	6	16	0.123				
2010	6	17	0.083				
2010	6	18	0.075				
2010	6	19	0.09				
2010	6	20	0.106				
2010	6	21	0.123				
2010	6	22	0.277				
2010	6	23	16.8				
2010	6	24	1.01				
2010	6	25	0.426				
2010	6	26	0.244				
2010	6	27	0.354				
2010	6	28	0.292				
2010	6	29	0.28				
2010	6	30	0.235				
2010	7	1	0.213				
2010	7	2	0.162				
2010	7	3	0.162				
2010	7	4	0.179				
2010	7	5	0.16				
2010	7	6	0.179				
2010	7	7	0.159				
2010	7	8	0.141				
2010	7	9	0.132				
2010	7	10	0.123				
2010	7	11	0.106				
2010	7	12	0.106				
2010	7	13	0.106				
2010	7	14	0.106				
2010	7	15	0.09				
2010	7	16	0.09				
2010	7	17	0.106				
2010	7	18	0.106				
2010	7	19	0.09				
2010	7	20	0.106				
2010	7	21	0.09				
2010	7	22	0.076				
2010	7	23	0.09				
2010	7	24	0.076				
2010	7	25	0.062				
2010	7	26	0.076				
2010	7	27	0.062				
2010	7	28	0.076				
2010	7	29	0.076				
2010	7	30	0.076				
2010	7	31	0.075				
2010	8	1	0.09				
2010	8	2	0.123				
2010	8	3	0.09				
2010	8	4	0.106				
2010	8	5	0.106				
2010	8	6	0.075				
2010	8	7	0.09				
2010	8	8	0.106				
2010	8	9	0.123				
2010	8	10	0.123				
2010	8	11	0.09				
2010	8	12	0.106				
2010	8	13	0.09				
2010	8	14	0.106				
2010	8	15	0.106				
2010	8	16	0.106				
2010	8	17	0.09				
2010	8	18	0.106				
2010	8	19	0.106				
2010	8	20	0.09				
2010	8	21	0.062				
2010	8	22	0.062				
2010	8	23	0.062				
2010	8	24	0.075				
2010	8	25	0.062				
2010	8	26	0.062				
2010	8	27	0.09				
2010	8	28	0.075				
2010	8	29	0.075				
2010	8	30	0.09				
2010	8	31	0.123				
2010	9	1	0.099				
2010	9	2	0.115				
2010	9	3	0.075				
2010	9	4	0.09				
2010	9	5	0.115				
2010	9	6	0.123				
2010	9	7	0.099				
2010	9	8	0.106				
2010	9	9	0.116				
2010	9	10	0.106				
2010	9	11	0.132				
2010	9	12	0.141				
2010	9	13	0.141				
2010	9	14	0.106				
2010	9	15	0.141				
2010	9	16	0.366				
2010	9	17	0.641				
2010	9	18	0.855				
2010	9	19	0.641				
2010	9	20	0.641				
2010	9	21	0.454				
2010	9	22	0.396				
2010	9	23	0.361				
2010	9	24	0.385				
2010	9	25	0.299				
2010	9	26	0.203				
2010	9	27	0.139				
2010	9	28	0.221				
2010	9	29	0.387				
2010	9	30	0.407				
2010	10	1	0.468				
2010	10	2	0.297				
2010	10	3	0.299				
2010	10	4	0.319				
2010	10	5	0.298				
2010	10	6	0.308				
2010	10	7	0.431				
2010	10	8	0.407				
2010	10	9	0.443				
2010	10	10	0.396				
2010	10	11	0.34				
2010	10	12	1.17				
2010	10	13	1.33				
2010	10	14	1.02				
2010	10	15	0.919				
2010	10	16	0.919				
2010	10	17	0.886				
2010	10	18	0.837				
2010	10	19	0.821				
2010	10	20	0.886				
2010	10	21	0.886				
2010	10	22	0.759				
2010	10	23	0.821				
2010	10	24	0.919				
2010	10	25	1				
2010	10	26	1				
2010	10	27	1.02				
2010	10	28	1.06				
2010	10	29	1.02				
2010	10	30	1				
2010	10	31	1.06				
2010	11	1	1.11				
2010	11	2	1.06				
2010	11	3	1				
2010	11	4	0.987				
2010	11	5	0.97				
2010	11	6	0.902				
2010	11	7	0.886				
2010	11	8	0.919				
2010	11	9	0.936				
2010	11	10	0.97				
2010	11	11	0.699				
2010	11	12	0.729				
2010	11	13	0.759				
2010	11	14	0.714				
2010	11	15	0.729				
2010	11	16	0.759				
2010	11	17	0.729				
2010	11	18	0.775				
2010	11	19	0.76				
2010	11	20	0.729				
2010	11	21	0.759				
2010	11	22	0.759				
2010	11	23	0.821				
2010	11	24	0.886				
2010	11	25	0.79				
2010	11	26	0.729				
2010	11	27	0.684				
2010	11	28	0.64				
2010	11	29	0.613				
2010	11	30	0.571				
2010	12	1	0.626				
2010	12	2	0.585				
2010	12	3	0.544				
2010	12	4	0.544				
2010	12	5	0.505				
2010	12	6	0.431				
2010	12	7	0.407				
2010	12	8	0.48				
2010	12	9	0.642				
2010	12	10	0.729				
2010	12	11	0.586				
2010	12	12	0.557				
2010	12	13	0.679				
2010	12	14	1.32				
2010	12	15	1.2				
2010	12	16	1.26				
2010	12	17	0.939				
2010	12	18	0.924				
2010	12	19	0.892				
2010	12	20	0.908				
2010	12	21	0.803				
2010	12	22	0.802				
2010	12	23	0.717				
2010	12	24	0.662				
2010	12	25	0.597				
2010	12	26	0.488				
2010	12	27	0.464				
2010	12	28	0.511				
2010	12	29	0.511				
2010	12	30	0.559				
2010	12	31	0.572				
2011	1	1	0.559				
2011	1	2	0.511				
2011	1	3	0.584				
2011	1	4	0.584				
2011	1	5	0.675				
2011	1	6	0.745				
2011	1	7	0.731				
2011	1	8	0.745				
2011	1	9	0.773				
2011	1	10	1.25				
2011	1	11	1.9				
2011	1	12	1.77				
2011	1	13	1.73				
2011	1	14	1.61				
2011	1	15	1.57				
2011	1	16	1.65				
2011	1	17	1.77				
2011	1	18	1.69				
2011	1	19	1.69				
2011	1	20	1.73				
2011	1	21	1.65				
2011	1	22	1.61				
2011	1	23	1.55				
2011	1	24	1.53				
2011	1	25	1.53				
2011	1	26	1.61				
2011	1	27	1.53				
2011	1	28	1.45				
2011	1	29	1.49				
2011	1	30	1.53				
2011	1	31	1.45				
2011	2	1	1.45				
2011	2	2	1.61				
2011	2	3	3.06				
2011	2	4	3.18				
2011	2	5	2.43				
2011	2	6	2.19				
2011	2	7	2.08				
2011	2	8	2.04				
2011	2	9	2.46				
2011	2	10	2.36				
2011	2	11	2.31				
2011	2	12	2.3				
2011	2	13	4.07				
2011	2	14	2.51				
2011	2	15	2.63				
2011	2	16	2.71				
2011	2	17	3.03				
2011	2	18	2.93				
2011	2	19	3.37				
2011	2	20	3.54				
2011	2	21	4.37				
2011	2	22	6.55				
2011	2	23	8.9				
2011	2	24	6.25				
2011	2	25	4.86				
2011	2	26	4.13				
2011	2	27	3.38				
2011	2	28	3.5				
2011	3	1	3.41				
2011	3	2	4.78				
2011	3	3	6.62				
2011	3	4	5.4				
2011	3	5	4.38				
2011	3	6	4.05				
2011	3	7	4.13				
2011	3	8	6.24				
2011	3	9	10				
2011	3	10	9.68				
2011	3	11	14				
2011	3	12	15.9				
2011	3	13	13.2				
2011	3	14	26.7				
2011	3	15	23.8				
2011	3	16	12.3				
2011	3	17	9.6				
2011	3	18	11.9				
2011	3	19	12.7				
2011	3	20	12.9				
2011	3	21	12.7				
2011	3	22	11.3				
2011	3	23	12.8				
2011	3	24	11				
2011	3	25	9.87				
2011	3	26	7.96				
2011	3	27	7.11				
2011	3	28	6.71				
2011	3	29	6.39				
2011	3	30	5.72				
2011	3	31	4.99				
2011	4	1	4.55				
2011	4	2	3.87				
2011	4	3	3.96				
2011	4	4	3.44				
2011	4	5	3.38				
2011	4	6	3.44				
2011	4	7	3.38				
2011	4	8	3.32				
2011	4	9	3.27				
2011	4	10	3.04				
2011	4	11	2.7				
2011	4	12	2.4				
2011	4	13	1.87				
2011	4	14	1.77				
2011	4	15	1.52				
2011	4	16	1.44				
2011	4	17	1.24				
2011	4	18	1.04				
2011	4	19	0.822				
2011	4	20	0.759				
2011	4	21	0.699				
2011	4	22	0.531				
2011	4	23	0.558				
2011	4	24	0.531				
2011	4	25	0.48				
2011	4	26	1.21				
2011	4	27	3.42				
2011	4	28	4.02				
2011	4	29	3.7				
2011	4	30	1.96				
2011	5	1	1.33				
2011	5	2	0.887				
2011	5	3	0.729				
2011	5	4	0.669				
2011	5	5	0.7				
2011	5	6	0.456				
2011	5	7	0.339				
2011	5	8	0.258				
2011	5	9	0.329				
2011	5	10	0.505				
2011	5	11	0.408				
2011	5	12	0.48				
2011	5	13	0.361				
2011	5	14	0.329				
2011	5	15	0.318				
2011	5	16	0.258				
2011	5	17	0.203				
2011	5	18	0.17				
2011	5	19	0.178				
2011	5	20	0.17				
2011	5	21	0.186				
2011	5	22	0.186				
2011	5	23	0.162				
2011	5	24	0.278				
2011	5	25	0.345				
2011	5	26	0.318				
2011	5	27	0.384				
2011	5	28	0.373				
2011	5	29	0.277				
2011	5	30	0.221				
2011	5	31	0.162				
2011	6	1	0.125				
2011	6	2	0.125				
2011	6	3	0.125				
2011	6	4	0.154				
2011	6	5	0.154				
2011	6	6	0.125				
2011	6	7	0.125				
2011	6	8	0.125				
2011	6	9	0.125				
2011	6	10	0.139				
2011	6	11	0.17				
2011	6	12	0.139				
2011	6	13	0.154				
2011	6	14	0.17				
2011	6	15	0.139				
2011	6	16	0.17				
2011	6	17	0.154				
2011	6	18	0.154				
2011	6	19	0.17				
2011	6	20	0.154				
2011	6	21	0.154				
2011	6	22	0.139				
2011	6	23	0.204				
2011	6	24	0.24				
2011	6	25	0.278				
2011	6	26	0.186				
2011	6	27	0.17				
2011	6	28	0.186				
2011	6	29	0.17				
2011	6	30	0.186				
2011	7	1	0.186				
2011	7	2	0.17				
2011	7	3	0.186				
2011	7	4	0.186				
2011	7	5	0.17				
2011	7	6	0.17				
2011	7	7	0.17				
2011	7	8	0.17				
2011	7	9	0.17				
2011	7	10	0.17				
2011	7	11	0.17				
2011	7	12	0.258				
2011	7	13	0.186				
2011	7	14	0.186				
2011	7	15	0.186				
2011	7	16	0.17				
2011	7	17	0.17				
2011	7	18	0.186				
2011	7	19	0.17				
2011	7	20	0.17				
2011	7	21	0.186				
2011	7	22	0.154				
2011	7	23	0.154				
2011	7	24	0.154				
2011	7	25	0.154				
2011	7	26	0.154				
2011	7	27	0.154				
2011	7	28	0.154				
2011	7	29	0.154				
2011	7	30	0.154				
2011	7	31	0.154				
2011	8	1	0.154				
2011	8	2	0.154				
2011	8	3	0.154				
2011	8	4	0.154				
2011	8	5	0.154				
2011	8	6	0.154				
2011	8	7	0.186				
2011	8	8	0.154				
2011	8	9	0.17				
2011	8	10	0.961				
2011	8	11	0.331				
2011	8	12	0.186				
2011	8	13	0.17				
2011	8	14	0.154				
2011	8	15	0.17				
2011	8	16	0.139				
2011	8	17	0.139				
2011	8	18	0.139				
2011	8	19	0.14				
2011	8	20	0.154				
2011	8	21	0.154				
2011	8	22	0.154				
2011	8	23	0.125				
2011	8	24	0.125				
2011	8	25	0.112				
2011	8	26	0.075				
2011	8	27	0.832				
2011	8	28	32.9				
2011	8	29	12.9				
2011	8	30	2.24				
2011	8	31	1.43				
2011	9	1	0.866				
2011	9	2	0.537				
2011	9	3	0.199				
2011	9	4	0.13				
2011	9	5	0.106				
2011	9	6	0.117				
2011	9	7	0.105				
2011	9	8	0.142				
2011	9	9	0.155				
2011	9	10	0.13				
2011	9	11	0.105				
2011	9	12	0.117				
2011	9	13	0.129				
2011	9	14	0.155				
2011	9	15	0.198				
2011	9	16	0.246				
2011	9	17	0.281				
2011	9	18	0.318				
2011	9	19	0.464				
2011	9	20	0.664				
2011	9	21	0.689				
2011	9	22	0.745				
2011	9	23	0.876				
2011	9	24	0.74				
2011	9	25	0.911				
2011	9	26	1.06				
2011	9	27	0.877				
2011	9	28	0.807				
2011	9	29	0.708				
2011	9	30	0.773				
2011	10	1	0.708				
2011	10	2	0.74				
2011	10	3	0.645				
2011	10	4	0.814				
2011	10	5	0.807				
2011	10	6	0.708				
2011	10	7	0.645				
2011	10	8	0.677				
2011	10	9	0.677				
2011	10	10	0.584				
2011	10	11	0.527				
2011	10	12	0.584				
2011	10	13	0.527				
2011	10	14	0.555				
2011	10	15	0.499				
2011	10	16	0.471				
2011	10	17	0.527				
2011	10	18	0.485				
2011	10	19	0.471				
2011	10	20	0.677				
2011	10	21	7.25				
2011	10	22	35.2				
2011	10	23	29.7				
2011	10	24	8.72				
2011	10	25	2.91				
2011	10	26	1.85				
2011	10	27	1.93				
2011	10	28	1.76				
2011	10	29	1.85				
2011	10	30	3.56				
2011	10	31	2.92				
2011	11	1	2.15				
2011	11	2	2.62				
2011	11	3	2.11				
2011	11	4	2.07				
2011	11	5	2.02				
2011	11	6	2.06				
2011	11	7	2.15				
2011	11	8	2.02				
2011	11	9	2.06				
2011	11	10	1.95				
2011	11	11	2.07				
2011	11	12	2.11				
2011	11	13	2.02				
2011	11	14	1.98				
2011	11	15	1.93				
2011	11	16	1.85				
2011	11	17	1.72				
2011	11	18	1.68				
2011	11	19	1.64				
2011	11	20	1.61				
2011	11	21	2.02				
2011	11	22	2.07				
2011	11	23	4.84				
2011	11	24	4.43				
2011	11	25	3.69				
2011	11	26	4.05				
2011	11	27	3.3				
2011	11	28	3.03				
2011	11	29	2.47				
2011	11	30	2.43				
2011	12	1	2.33				
2011	12	2	2.72				
2011	12	3	2.57				
2011	12	4	2.34				
2011	12	5	2.38				
2011	12	6	2.34				
2011	12	7	2.38				
2011	12	8	2.47				
2011	12	9	2.34				
2011	12	10	2.2				
2011	12	11	2.34				
2011	12	12	4.49				
2011	12	13	4.11				
2011	12	14	3.41				
2011	12	15	3.41				
2011	12	16	3.47				
2011	12	17	2.42				
2011	12	18	2.29				
2011	12	19	2.29				
2011	12	20	2.15				
2011	12	21	2.11				
2011	12	22	2.15				
2011	12	23	2.15				
2011	12	24	2.15				
2011	12	25	2.29				
2011	12	26	6.23				
2011	12	27	9.64				
2011	12	28	11.9				
2011	12	29	6.52				
2011	12	30	4.55				
2011	12	31	4.05				
2012	1	1	3.53				
2012	1	2	2.87				
2012	1	3	2.72				
2012	1	4	3.13				
2012	1	5	3.3				
2012	1	6	3.19				
2012	1	7	3.3				
2012	1	8	3.46				
2012	1	9	4.17				
2012	1	10	5.24				
2012	1	11	4.49				
2012	1	12	4.55				
2012	1	13	4.61				
2012	1	14	4.36				
2012	1	15	3.76				
2012	1	16	3.35				
2012	1	17	3.41				
2012	1	18	3.24				
2012	1	19	3.41				
2012	1	20	3.3				
2012	1	21	4.05				
2012	1	22	4.75				
2012	1	23	3.59				
2012	1	24	3.46				
2012	1	25	3.75				
2012	1	26	3.81				
2012	1	27	3.93				
2012	1	28	4.18				
2012	1	29	7.55				
2012	1	30	6.69				
2012	1	31	5.01				
2012	2	1	4.81				
2012	2	2	10.7				
2012	2	3	32.6				
2012	2	4	11.6				
2012	2	5	9.44				
2012	2	6	8.48				
2012	2	7	6.68				
2012	2	8	7.23				
2012	2	9	12.5				
2012	2	10	13.8				
2012	2	11	13.4				
2012	2	12	11.1				
2012	2	13	9.17				
2012	2	14	8.64				
2012	2	15	9.39				
2012	2	16	16.5				
2012	2	17	17.9				
2012	2	18	19.7				
2012	2	19	13.8				
2012	2	20	24.2				
2012	2	21	35.6				
2012	2	22	28.2				
2012	2	23	25.2				
2012	2	24	24.1				
2012	2	25	23.4				
2012	2	26	23.2				
2012	2	27	23.7				
2012	2	28	24.9				
2012	2	29	29.5				
2012	3	1	63.9				
2012	3	2	75				
2012	3	3	65.5				
2012	3	4	50.7				
2012	3	5	26.9				
2012	3	6	17.6				
2012	3	7	17.3				
2012	3	8	15.2				
2012	3	9	14.9				
2012	3	10	14.3				
2012	3	11	13.6				
2012	3	12	13.1				
2012	3	13	13.2				
2012	3	14	24.3				
2012	3	15	30.8				
2012	3	16	93				
2012	3	17	50				
2012	3	18	26.9				
2012	3	19	26.7				
2012	3	20	28.9				
2012	3	21	32.8				
2012	3	22	32.5				
2012	3	23	32.3				
2012	3	24	33.2				
2012	3	25	37.3				
2012	3	26	38.6				
2012	3	27	41.9				
2012	3	28	54.1				
2012	3	29	51.3				
2012	3	30	50.5				
2012	3	31	104				
2012	4	1	78.9				
2012	4	2	44.1				
2012	4	3	36.7				
2012	4	4	32				
2012	4	5	26.5				
2012	4	6	31.8				
2012	4	7	31.9				
2012	4	8	29.9				
2012	4	9	27.3				
2012	4	10	25.2				
2012	4	11	23.8				
2012	4	12	22				
2012	4	13	19				
2012	4	14	16.3				
2012	4	15	14.6				
2012	4	16	13.8				
2012	4	17	12.2				
2012	4	18	17.9				
2012	4	19	17.4				
2012	4	20	13.4				
2012	4	21	19.8				
2012	4	22	50.1				
2012	4	23	20.6				
2012	4	24	15.7				
2012	4	25	14.2				
2012	4	26	12.6				
2012	4	27	12.1				
2012	4	28	10.6				
2012	4	29	9.2				
2012	4	30	7.91				
2012	5	1	6.82				
2012	5	2	6.22				
2012	5	3	6.01				
2012	5	4	7.03				
2012	5	5	6.55				
2012	5	6	6.3				
2012	5	7	5.68				
2012	5	8	6.91				
2012	5	9	7.18				
2012	5	10	6.22				
2012	5	11	5.53				
2012	5	12	5.13				
2012	5	13	5.17				
2012	5	14	4.82				
2012	5	15	4.61				
2012	5	16	4.57				
2012	5	17	4.43				
2012	5	18	3.97				
2012	5	19	3.66				
2012	5	20	3.63				
2012	5	21	3.6				
2012	5	22	3.63				
2012	5	23	3.54				
2012	5	24	14.4				
2012	5	25	19.3				
2012	5	26	6.66				
2012	5	27	5.57				
2012	5	28	4.97				
2012	5	29	4.53				
2012	5	30	4.11				
2012	5	31	2.59				
2012	6	1	1.48				
2012	6	2	1.37				
2012	6	3	1.27				
2012	6	4	1.11				
2012	6	5	1.03				
2012	6	6	0.805				
2012	6	7	0.827				
2012	6	8	0.624				
2012	6	9	0.594				
2012	6	10	0.55				
2012	6	11	0.679				
2012	6	12	0.956				
2012	6	13	0.833				
2012	6	14	0.672				
2012	6	15	0.468				
2012	6	16	0.429				
2012	6	17	0.404				
2012	6	18	0.43				
2012	6	19	4.64				
2012	6	20	5.88				
2012	6	21	4.25				
2012	6	22	2.92				
2012	6	23	1.85				
2012	6	24	0.659				
2012	6	25	0.43				
2012	6	26	0.392				
2012	6	27	0.404				
2012	6	28	0.404				
2012	6	29	0.392				
2012	6	30	0.368				
2012	7	1	0.333				
2012	7	2	0.289				
2012	7	3	0.289				
2012	7	4	0.289				
2012	7	5	0.248				
2012	7	6	0.2				
2012	7	7	0.174				
2012	7	8	0.133				
2012	7	9	0.105				
2012	7	10	0.085				
2012	7	11	0.085				
2012	7	12	0.093				
2012	7	13	0.091				
2012	7	14	0.098				
2012	7	15	0.303				
2012	7	16	14				
2012	7	17	41.8				
2012	7	18	11				
2012	7	19	5.24				
2012	7	20	5.74				
2012	7	21	47.1				
2012	7	22	13.6				
2012	7	23	2.94				
2012	7	24	2.27				
2012	7	25	1.23				
2012	7	26	1.89				
2012	7	27	2.54				
2012	7	28	1.78				
2012	7	29	1.15				
2012	7	30	0.687				
2012	7	31	0.523				
2012	8	1	0.38				
2012	8	2	0.301				
2012	8	3	0.2				
2012	8	4	0.191				
2012	8	5	0.191				
2012	8	6	0.209				
2012	8	7	0.191				
2012	8	8	0.174				
2012	8	9	0.174				
2012	8	10	0.209				
2012	8	11	0.209				
2012	8	12	0.209				
2012	8	13	0.209				
2012	8	14	0.191				
2012	8	15	0.209				
2012	8	16	0.2				
2012	8	17	0.191				
2012	8	18	0.2				
2012	8	19	0.209				
2012	8	20	0.209				
2012	8	21	0.2				
2012	8	22	0.209				
2012	8	23	0.209				
2012	8	24	0.228				
2012	8	25	0.209				
2012	8	26	0.209				
2012	8	27	0.219				
2012	8	28	0.228				
2012	8	29	0.228				
2012	8	30	0.209				
2012	8	31	0.228				
2012	9	1	0.26				
2012	9	2	0.455				
2012	9	3	11				
2012	9	4	5.5				
2012	9	5	3.87				
2012	9	6	2.71				
2012	9	7	2.37				
2012	9	8	2.8				
2012	9	9	2.54				
2012	9	10	2.18				
2012	9	11	2				
2012	9	12	2.73				
2012	9	13	2.18				
2012	9	14	2.05				
2012	9	15	2.24				
2012	9	16	16.3				
2012	9	17	4.39				
2012	9	18	3.6				
2012	9	19	3.37				
2012	9	20	2.7				
2012	9	21	2.62				
2012	9	22	2.46				
2012	9	23	2.39				
2012	9	24	2.29				
2012	9	25	4.88				
2012	9	26	4.01				
2012	9	27	3.22				
2012	9	28	2.5				
2012	9	29	2.64				
2012	9	30	2.64				
2012	10	1	2.43				
2012	10	2	2.29				
2012	10	3	2.29				
2012	10	4	2.09				
2012	10	5	2.06				
2012	10	6	2.06				
2012	10	7	2.02				
2012	10	8	1.86				
2012	10	9	1.82				
2012	10	10	1.89				
2012	10	11	1.89				
2012	10	12	1.89				
2012	10	13	19.1				
2012	10	14	24.6				
2012	10	15	12.2				
2012	10	16	5.14				
2012	10	17	2.72				
2012	10	18	2.9				
2012	10	19	2.61				
2012	10	20	2.58				
2012	10	21	2.97				
2012	10	22	3.05				
2012	10	23	3.16				
2012	10	24	3.44				
2012	10	25	3.48				
2012	10	26	3.48				
2012	10	27	3.52				
2012	10	28	4.52				
2012	10	29	8.36				
2012	10	30	5.73				
2012	10	31	4.91				
2012	11	1	3.72				
2012	11	2	3.32				
2012	11	3	3.16				
2012	11	4	23.6				
2012	11	5	14.9				
2012	11	6	8.25				
2012	11	7	5.49				
2012	11	8	4.6				
2012	11	9	3.41				
2012	11	10	2.86				
2012	11	11	2.72				
2012	11	12	5.1				
2012	11	13	4.38				
2012	11	14	4.3				
2012	11	15	10.1				
2012	11	16	41.2				
2012	11	17	20.1				
2012	11	18	18.8				
2012	11	19	18				
2012	11	20	17.3				
2012	11	21	11				
2012	11	22	6.15				
2012	11	23	6.24				
2012	11	24	6				
2012	11	25	6.39				
2012	11	26	6.48				
2012	11	27	6.58				
2012	11	28	18.4				
2012	11	29	28.3				
2012	11	30	10.9				
2012	12	1	8.28				
2012	12	2	7.09				
2012	12	3	6.06				
2012	12	4	5.66				
2012	12	5	5.37				
2012	12	6	4.2				
2012	12	7	3.34				
2012	12	8	3				
2012	12	9	2.49				
2012	12	10	3.89				
2012	12	11	3.71				
2012	12	12	11.1				
2012	12	13	22.9				
2012	12	14	13.1				
2012	12	15	11.1				
2012	12	16	8.84				
2012	12	17	7.68				
2012	12	18	6.37				
2012	12	19	5.32				
2012	12	20	4.15				
2012	12	21	4.38				
2012	12	22	5.86				
2012	12	23	6.47				
2012	12	24	5.86				
2012	12	25	5.36				
2012	12	26	5.57				
2012	12	27	5.91				
2012	12	28	5.61				
2012	12	29	5.27				
2012	12	30	4.98				
2012	12	31	5.86				
2013	1	1	6.36				
2013	1	2	5.81				
2013	1	3	5.51				
2013	1	4	5.32				
2013	1	5	5.08				
2013	1	6	4.98				
2013	1	7	4.89				
2013	1	8	4.89				
2013	1	9	5.13				
2013	1	10	5.46				
2013	1	11	15.3				
2013	1	12	10				
2013	1	13	7.95				
2013	1	14	7.09				
2013	1	15	7.47				
2013	1	16	8.61				
2013	1	17	7.3				
2013	1	18	6.57				
2013	1	19	6.26				
2013	1	20	6.63				
2013	1	21	9.3				
2013	1	22	11.8				
2013	1	23	9.76				
2013	1	24	8.39				
2013	1	25	8.34				
2013	1	26	8.23				
2013	1	27	8.84				
2013	1	28	8.95				
2013	1	29	11.4				
2013	1	30	27.3				
2013	1	31	28				
2013	2	1	23.4				
2013	2	2	61.8				
2013	2	3	39.5				
2013	2	4	47.1				
2013	2	5	29.7				
2013	2	6	21.6				
2013	2	7	19.1				
2013	2	8	18.1				
2013	2	9	17.1				
2013	2	10	17.5				
2013	2	11	15.1				
2013	2	12	11.4				
2013	2	13	6.2				
2013	2	14	32.5				
2013	2	15	23.4				
2013	2	16	19				
2013	2	17	42.9				
2013	2	18	40.7				
2013	2	19	20.4				
2013	2	20	15.9				
2013	2	21	13.9				
2013	2	22	11.8				
2013	2	23	11.4				
2013	2	24	10.6				
2013	2	25	16.7				
2013	2	26	51.6				
2013	2	27	32.1				
2013	2	28	18.5				
2013	3	1	16.3				
2013	3	2	24.7				
2013	3	3	22.3				
2013	3	4	17.4				
2013	3	5	16.8				
2013	3	6	17.3				
2013	3	7	27.9				
2013	3	8	20.5				
2013	3	9	18.5				
2013	3	10	19.5				
2013	3	11	20.7				
2013	3	12	17.3				
2013	3	13	16.5				
2013	3	14	15.8				
2013	3	15	13.9				
2013	3	16	13.5				
2013	3	17	13.1				
2013	3	18	13.6				
2013	3	19	13.9				
2013	3	20	27.2				
2013	3	21	23.6				
2013	3	22	18.9				
2013	3	23	15				
2013	3	24	11.4				
2013	3	25	17				
2013	3	26	21.8				
2013	3	27	17				
2013	3	28	12.4				
2013	3	29	12.1				
2013	3	30	15.5				
2013	3	31	23.7				
2013	4	1	22.1				
2013	4	2	20.7				
2013	4	3	14.8				
2013	4	4	11.1				
2013	4	5	9.63				
2013	4	6	9.47				
2013	4	7	8.61				
2013	4	8	8.39				
2013	4	9	7.89				
2013	4	10	6.36				
2013	4	11	6.47				
2013	4	12	7.04				
2013	4	13	8.9				
2013	4	14	10.1				
2013	4	15	9.53				
2013	4	16	8.44				
2013	4	17	7.89				
2013	4	18	7.36				
2013	4	19	7.09				
2013	4	20	6.93				
2013	4	21	9.47				
2013	4	22	25.3				
2013	4	23	21.6				
2013	4	24	13.9				
2013	4	25	25.3				
2013	4	26	18.2				
2013	4	27	10.2				
2013	4	28	8.95				
2013	4	29	7.95				
2013	4	30	7.2				
2013	5	1	7.03				
2013	5	2	5.68				
2013	5	3	4.34				
2013	5	4	4.24				
2013	5	5	3.78				
2013	5	6	3.38				
2013	5	7	2.88				
2013	5	8	2.76				
2013	5	9	2.72				
2013	5	10	3.43				
2013	5	11	4.11				
2013	5	12	3.97				
2013	5	13	4.07				
2013	5	14	6.51				
2013	5	15	4.11				
2013	5	16	4.15				
2013	5	17	3.98				
2013	5	18	2.88				
2013	5	19	1.9				
2013	5	20	1.72				
2013	5	21	4.9				
2013	5	22	7.71				
2013	5	23	5.7				
2013	5	24	4.91				
2013	5	25	4.55				
2013	5	26	4.09				
2013	5	27	3.52				
2013	5	28	2.9				
2013	5	29	2.5				
2013	5	30	2.26				
2013	5	31	1.86				
2013	6	1	1.66				
2013	6	2	1.39				
2013	6	3	1.11				
2013	6	4	0.775				
2013	6	5	0.589				
2013	6	6	0.481				
2013	6	7	0.381				
2013	6	8	0.364				
2013	6	9	0.481				
2013	6	10	0.502				
2013	6	11	0.4				
2013	6	12	0.4				
2013	6	13	0.4				
2013	6	14	0.362				
2013	6	15	0.362				
2013	6	16	0.325				
2013	6	17	0.307				
2013	6	18	0.254				
2013	6	19	0.237				
2013	6	20	0.206				
2013	6	21	0.19				
2013	6	22	0.19				
2013	6	23	0.19				
2013	6	24	0.16				
2013	6	25	0.16				
2013	6	26	0.16				
2013	6	27	0.16				
2013	6	28	0.16				
2013	6	29	0.16				
2013	6	30	0.146				
2013	7	1	0.16				
2013	7	2	0.175				
2013	7	3	0.132				
2013	7	4	0.132				
2013	7	5	0.146				
2013	7	6	0.146				
2013	7	7	0.132				
2013	7	8	0.119				
2013	7	9	0.106				
2013	7	10	0.106				
2013	7	11	0.094				
2013	7	12	0.081				
2013	7	13	0.135				
2013	7	14	0.175				
2013	7	15	0.133				
2013	7	16	0.07				
2013	7	17	0.106				
2013	7	18	0.106				
2013	7	19	0.119				
2013	7	20	0.132				
2013	7	21	0.132				
2013	7	22	0.132				
2013	7	23	0.132				
2013	7	24	0.106				
2013	7	25	0.106				
2013	7	26	0.132				
2013	7	27	0.132				
2013	7	28	0.132				
2013	7	29	0.094				
2013	7	30	0.132				
2013	7	31	0.132				
2013	8	1	0.132				
2013	8	2	0.132				
2013	8	3	0.132				
2013	8	4	0.106				
2013	8	5	0.106				
2013	8	6	0.094				
2013	8	7	0.059				
2013	8	8	0.081				
2013	8	9	0.081				
2013	8	10	0.106				
2013	8	11	0.106				
2013	8	12	0.106				
2013	8	13	0.106				
2013	8	14	0.106				
2013	8	15	0.081				
2013	8	16	0.081				
2013	8	17	0.07				
2013	8	18	0.059				
2013	8	19	0.049				
2013	8	20	0.059				
2013	8	21	0.059				
2013	8	22	0.059				
2013	8	23	0.059				
2013	8	24	0.07				
2013	8	25	0.081				
2013	8	26	0.081				
2013	8	27	0.081				
2013	8	28	0.081				
2013	8	29	0.081				
2013	8	30	0.081				
2013	8	31	0.081				
2013	9	1	0.081				
2013	9	2	0.106				
2013	9	3	0.106				
2013	9	4	0.106				
2013	9	5	0.106				
2013	9	6	0.106				
2013	9	7	0.106				
2013	9	8	0.081				
2013	9	9	0.081				
2013	9	10	0.081				
2013	9	11	0.106				
2013	9	12	0.106				
2013	9	13	0.081				
2013	9	14	0.081				
2013	9	15	0.106				
2013	9	16	0.106				
2013	9	17	0.24				
2013	9	18	0.161				
2013	9	19	0.119				
2013	9	20	0.132				
2013	9	21	0.146				
2013	9	22	0.345				
2013	9	23	0.134				
2013	9	24	0.142				
2013	9	25	0.211				
2013	9	26	4.22				
2013	9	27	1.9				
2013	9	28	1.79				
2013	9	29	1.71				
2013	9	30	1.6				
2013	10	1	1.57				
2013	10	2	1.54				
2013	10	3	1.52				
2013	10	4	1.39				
2013	10	5	1.37				
2013	10	6	1.42				
2013	10	7	1.55				
2013	10	8	1.78				
2013	10	9	1.9				
2013	10	10	1.99				
2013	10	11	1.84				
2013	10	12	1.79				
2013	10	13	1.68				
2013	10	14	1.57				
2013	10	15	1.52				
2013	10	16	1.42				
2013	10	17	1.45				
2013	10	18	1.47				
2013	10	19	1.52				
2013	10	20	1.52				
2013	10	21	1.8				
2013	10	22	3.59				
2013	10	23	3.53				
2013	10	24	2.38				
2013	10	25	2.07				
2013	10	26	2.01				
2013	10	27	1.96				
2013	10	28	2.04				
2013	10	29	2.07				
2013	10	30	2.04				
2013	10	31	2.04				
2013	11	1	2.01				
2013	11	2	1.85				
2013	11	3	1.68				
2013	11	4	1.73				
2013	11	5	1.68				
2013	11	6	1.63				
2013	11	7	1.68				
2013	11	8	1.63				
2013	11	9	1.52				
2013	11	10	1.6				
2013	11	11	1.42				
2013	11	12	1.47				
2013	11	13	1.47				
2013	11	14	1.47				
2013	11	15	1.54				
2013	11	16	1.52				
2013	11	17	1.52				
2013	11	18	1.63				
2013	11	19	1.6				
2013	11	20	1.57				
2013	11	21	1.52				
2013	11	22	1.57				
2013	11	23	1.68				
2013	11	24	1.73				
2013	11	25	1.73				
2013	11	26	1.65				
2013	11	27	1.57				
2013	11	28	1.57				
2013	11	29	1.52				
2013	11	30	1.52				
2013	12	1	9.05				
2013	12	2	7.71				
2013	12	3	2.05				
2013	12	4	3.74				
2013	12	5	4.82				
2013	12	6	3.61				
2013	12	7	2.94				
2013	12	8	3.02				
2013	12	9	3.38				
2013	12	10	3.57				
2013	12	11	4.62				
2013	12	12	3.31				
2013	12	13	2.49				
2013	12	14	2.28				
2013	12	15	7.09				
2013	12	16	7.26				
2013	12	17	4.93				
2013	12	18	3.29				
2013	12	19	2.88				
2013	12	20	2.75				
2013	12	21	2.62				
2013	12	22	2.62				
2013	12	23	2.53				
2013	12	24	2.53				
2013	12	25	2.49				
2013	12	26	2.68				
2013	12	27	2.81				
2013	12	28	2.81				
2013	12	29	2.91				
2013	12	30	2.88				
2013	12	31	2.78				
2014	1	1	2.65				
2014	1	2	2.88				
2014	1	3	2.79				
2014	1	4	2.49				
2014	1	5	2.49				
2014	1	6	2.53				
2014	1	7	2.4				
2014	1	8	2.49				
2014	1	9	2.49				
2014	1	10	2.43				
2014	1	11	2.49				
2014	1	12	2.56				
2014	1	13	2.62				
2014	1	14	2.31				
2014	1	15	2.65				
2014	1	16	2.59				
2014	1	17	2.71				
2014	1	18	2.75				
2014	1	19	2.68				
2014	1	20	2.75				
2014	1	21	2.81				
2014	1	22	2.81				
2014	1	23	2.88				
2014	1	24	2.81				
2014	1	25	2.81				
2014	1	26	2.94				
2014	1	27	2.88				
2014	1	28	2.88				
2014	1	29	2.88				
2014	1	30	2.71				
2014	1	31	2.68				
2014	2	1	2.91				
2014	2	2	2.56				
2014	2	3	2.59				
2014	2	4	2.49				
2014	2	5	2.4				
2014	2	6	2.25				
2014	2	7	2.22				
2014	2	8	1.76				
2014	2	9	1.79				
2014	2	10	1.73				
2014	2	11	1.73				
2014	2	12	1.76				
2014	2	13	1.73				
2014	2	14	1.73				
2014	2	15	1.73				
2014	2	16	1.68				
2014	2	17	2.15				
2014	2	18	2.15				
2014	2	19	3.14				
2014	2	20	6.07				
2014	2	21	6.47				
2014	2	22	4.01				
2014	2	23	3.71				
2014	2	24	3.22				
2014	2	25	2.46				
2014	2	26	2.19				
2014	2	27	2.01				
2014	2	28	2.19				
2014	3	1	2.59				
2014	3	2	4.11				
2014	3	3	3.74				
2014	3	4	3.64				
2014	3	5	3.71				
2014	3	6	3.82				
2014	3	7	4.86				
2014	3	8	12.7				
2014	3	9	48				
2014	3	10	23.1				
2014	3	11	8.74				
2014	3	12	7.51				
2014	3	13	9.73				
2014	3	14	14.7				
2014	3	15	14.2				
2014	3	16	9.19				
2014	3	17	8.34				
2014	3	18	7.7				
2014	3	19	6.09				
2014	3	20	6.45				
2014	3	21	6.86				
2014	3	22	13.1				
2014	3	23	22				
2014	3	24	12				
2014	3	25	11.4				
2014	3	26	14.4				
2014	3	27	19.2				
2014	3	28	19.4				
2014	3	29	20.8				
2014	3	30	16.5				
2014	3	31	12.9				
2014	4	1	15.4				
2014	4	2	11.8				
2014	4	3	13.9				
2014	4	4	16.2				
2014	4	5	14.4				
2014	4	6	13.1				
2014	4	7	11.3				
2014	4	8	10.4				
2014	4	9	9.51				
2014	4	10	8.4				
2014	4	11	7.7				
2014	4	12	7.47				
2014	4	13	7.23				
2014	4	14	6.59				
2014	4	15	5.36				
2014	4	16	4.7				
2014	4	17	4.5				
2014	4	18	4.19				
2014	4	19	4.03				
2014	4	20	3.27				
2014	4	21	3.02				
2014	4	22	2.91				
2014	4	23	2.71				
2014	4	24	3.13				
2014	4	25	4.59				
2014	4	26	3.81				
2014	4	27	3.48				
2014	4	28	3.16				
2014	4	29	3.02				
2014	4	30	2.55				
2014	5	1	2.27				
2014	5	2	1.96				
2014	5	3	1.88				
2014	5	4	1.82				
2014	5	5	1.7				
2014	5	6	1.57				
2014	5	7	1.36				
2014	5	8	1.03				
2014	5	9	0.986				
2014	5	10	0.851				
2014	5	11	0.746				
2014	5	12	0.683				
2014	5	13	0.643				
2014	5	14	0.457				
2014	5	15	0.389				
2014	5	16	0.236				
2014	5	17	0.158				
2014	5	18	0.158				
2014	5	19	0.135				
2014	5	20	0.135				
2014	5	21	0.135				
2014	5	22	0.184				
2014	5	23	0.158				
2014	5	24	0.135				
2014	5	25	0.135				
2014	5	26	0.092				
2014	5	27	0.073				
2014	5	28	0.048				
2014	5	29	2.13				
2014	5	30	33.7				
2014	5	31	3.19				
2014	6	1	2.36				
2014	6	2	1.1				
2014	6	3	0.158				
2014	6	4	1.04				
2014	6	5	1.13				
2014	6	6	0.704				
2014	6	7	0.442				
2014	6	8	0.236				
2014	6	9	0.184				
2014	6	10	0.158				
2014	6	11	0.158				
2014	6	12	0.135				
2014	6	13	0.092				
2014	6	14	0.073				
2014	6	15	0.064				
2014	6	16	0.056				
2014	6	17	0.073				
2014	6	18	0.073				
2014	6	19	0.073				
2014	6	20	0.092				
2014	6	21	0.092				
2014	6	22	0.113				
2014	6	23	0.113				
2014	6	24	0.113				
2014	6	25	0.135				
2014	6	26	0.135				
2014	6	27	0.135				
2014	6	28	0.158				
2014	6	29	0.158				
2014	6	30	0.183				
2014	7	1	0.154				
2014	7	2	0.073				
2014	7	3	0.073				
2014	7	4	1.03				
2014	7	5	0.608				
2014	7	6	0.324				
2014	7	7	0.293				
2014	7	8	0.264				
2014	7	9	0.159				
2014	7	10	0.135				
2014	7	11	0.183				
2014	7	12	0.183				
2014	7	13	0.147				
2014	7	14	0.092				
2014	7	15	0.073				
2014	7	16	0.102				
2014	7	17	0.158				
2014	7	18	0.158				
2014	7	19	0.135				
2014	7	20	0.113				
2014	7	21	0.113				
2014	7	22	0.092				
2014	7	23	0.135				
2014	7	24	0.113				
2014	7	25	0.113				
2014	7	26	0.092				
2014	7	27	0.073				
2014	7	28	0.092				
2014	7	29	0.102				
2014	7	30	0.113				
2014	7	31	0.113				
2014	8	1	0.113				
2014	8	2	0.113				
2014	8	3	0.113				
2014	8	4	0.113				
2014	8	5	0.113				
2014	8	6	0.113				
2014	8	7	0.113				
2014	8	8	0.113				
2014	8	9	0.113				
2014	8	10	0.113				
2014	8	11	0.102				
2014	8	12	0.083				
2014	8	13	0.073				
2014	8	14	0.102				
2014	8	15	0.092				
2014	8	16	0.091				
2014	8	17	0.09				
2014	8	18	0.089				
2014	8	19	0.088				
2014	8	20	0.087				
2014	8	21	0.086				
2014	8	22	0.085				
2014	8	23	0.084				
2014	8	24	0.083				
2014	8	25	0.084				
2014	8	26	0.084				
2014	8	27	0.085				
2014	8	28	0.086				
2014	8	29	0.086				
2014	8	30	0.087				
2014	8	31	0.088				
2014	9	1	0.088				
2014	9	2	0.089				
2014	9	3	0.09				
2014	9	4	0.091				
2014	9	5	0.091				
2014	9	6	0.092				
2014	9	7	0.093				
2014	9	8	0.093				
2014	9	9	0.094				
2014	9	10	0.117				
2014	9	11	0.14				
2014	9	12	0.163				
2014	9	13	0.186				
2014	9	14	0.209				
2014	9	15	0.232				
2014	9	16	0.255				
2014	9	17	0.278				
2014	9	18	0.301				
2014	9	19	0.324				
2014	9	20	0.347				
2014	9	21	0.37				
2014	9	22	0.393				
2014	9	23	0.468				
2014	9	24	0.493				
2014	9	25	0.493				
2014	9	26	0.493				
2014	9	27	0.468				
2014	9	28	0.468				
2014	9	29	0.433				
2014	9	30	0.421				
2014	10	1	0.398				
2014	10	2	0.398				
2014	10	3	0.376				
2014	10	4	0.355				
2014	10	5	0.334				
2014	10	6	0.355				
2014	10	7	0.355				
2014	10	8	0.697				
2014	10	9	0.468				
2014	10	10	0.468				
2014	10	11	0.493				
2014	10	12	0.655				
2014	10	13	0.774				
2014	10	14	0.838				
2014	10	15	0.774				
2014	10	16	0.774				
2014	10	17	0.774				
2014	10	18	0.774				
2014	10	19	0.838				
2014	10	20	0.743				
2014	10	21	0.743				
2014	10	22	1.04				
2014	10	23	1.01				
2014	10	24	0.992				
2014	10	25	0.973				
2014	10	26	1.04				
2014	10	27	1.02				
2014	10	28	1.01				
2014	10	29	1.01				
2014	10	30	0.938				
2014	10	31	0.938				
2014	11	1	0.938				
2014	11	2	1.03				
2014	11	3	2.1				
2014	11	4	1.15				
2014	11	5	1.12				
2014	11	6	1.17				
2014	11	7	1.16				
2014	11	8	1.08				
2014	11	9	1.08				
2014	11	10	1.01				
2014	11	11	1.01				
2014	11	12	1.2				
2014	11	13	1.21				
2014	11	14	1.21				
2014	11	15	1.15				
2014	11	16	1.1				
2014	11	17	1.08				
2014	11	18	1.08				
2014	11	19	1.08				
2014	11	20	1.25				
2014	11	21	1.42				
2014	11	22	1.17				
2014	11	23	1.3				
2014	11	24	1.35				
2014	11	25	1.31				
2014	11	26	1.35				
2014	11	27	1.39				
2014	11	28	1.44				
2014	11	29	1.62				
2014	11	30	1.61				
2014	12	1	1.53				
2014	12	2	1.57				
2014	12	3	2.2				
2014	12	4	2.31				
2014	12	5	2.39				
2014	12	6	1.8				
2014	12	7	1.92				
2014	12	8	2				
2014	12	9	1.98				
2014	12	10	1.95				
2014	12	11	1.88				
2014	12	12	1.85				
2014	12	13	1.71				
2014	12	14	1.71				
2014	12	15	1.57				
2014	12	16	1.5				
2014	12	17	1.76				
2014	12	18	1.9				
2014	12	19	1.8				
2014	12	20	1.71				
2014	12	21	1.66				
2014	12	22	1.66				
2014	12	23	1.57				
2014	12	24	1.5				
2014	12	25	1.57				
2014	12	26	1.53				
2014	12	27	1.48				
2014	12	28	1.48				
2014	12	29	1.44				
2014	12	30	1.35				
2014	12	31	1.35				
2015	1	1	1.33				
2015	1	2	1.27				
2015	1	3	1.27				
2015	1	4	1.19				
2015	1	5	1.21				
2015	1	6	1.12				
2015	1	7	1.13				
2015	1	8	1.23				
2015	1	9	1.59				
2015	1	10	1.75				
2015	1	11	1.66				
2015	1	12	1.38				
2015	1	13	1.27				
2015	1	14	1.23				
2015	1	15	1.21				
2015	1	16	1.19				
2015	1	17	1.2				
2015	1	18	1.23				
2015	1	19	1.27				
2015	1	20	1.27				
2015	1	21	1.27				
2015	1	22	1.31				
2015	1	23	1.31				
2015	1	24	1.57				
2015	1	25	1.68				
2015	1	26	1.71				
2015	1	27	1.57				
2015	1	28	1.53				
2015	1	29	1.48				
2015	1	30	1.44				
2015	1	31	2.6				
2015	2	1	3.13				
2015	2	2	2.62				
2015	2	3	2.79				
2015	2	4	2.45				
2015	2	5	2.36				
2015	2	6	8.18				
2015	2	7	6.28				
2015	2	8	3.84				
2015	2	9	3.1				
2015	2	10	3.03				
2015	2	11	3.52				
2015	2	12	3.71				
2015	2	13	3.65				
2015	2	14	3.85				
2015	2	15	3.38				
2015	2	16	3.06				
2015	2	17	3.1				
2015	2	18	3.1				
2015	2	19	3.06				
2015	2	20	2.73				
2015	2	21	2.92				
2015	2	22	3.44				
2015	2	23	4.07				
2015	2	24	4.89				
2015	2	25	3.72				
2015	2	26	3.79				
2015	2	27	6.92				
2015	2	28	7.79				
2015	3	1	6.64				
2015	3	2	6.14				
2015	3	3	10				
2015	3	4	11				
2015	3	5	9.7				
2015	3	6	19.7				
2015	3	7	16.5				
2015	3	8	12.9				
2015	3	9	16				
2015	3	10	14.7				
2015	3	11	10.9				
2015	3	12	8.97				
2015	3	13	12.9				
2015	3	14	24.6				
2015	3	15	17.7				
2015	3	16	15				
2015	3	17	13.8				
2015	3	18	14.6				
2015	3	19	17				
2015	3	20	14.1				
2015	3	21	22.7				
2015	3	22	18.6				
2015	3	23	20.8				
2015	3	24	27.2				
2015	3	25	20.2				
2015	3	26	14.6				
2015	3	27	8.13				
2015	3	28	8.65				
2015	3	29	7.39				
2015	3	30	6.86				
2015	3	31	7.78				
2015	4	1	8.44				
2015	4	2	7.32				
2015	4	3	5.88				
2015	4	4	5.22				
2015	4	5	4.28				
2015	4	6	5.02				
2015	4	7	4.43				
2015	4	8	4.24				
2015	4	9	3.99				
2015	4	10	3.88				
2015	4	11	3.75				
2015	4	12	3.58				
2015	4	13	3.65				
2015	4	14	3.58				
2015	4	15	3.51				
2015	4	16	3.13				
2015	4	17	2.53				
2015	4	18	2.2				
2015	4	19	1.27				
2015	4	20	0.959				
2015	4	21	0.743				
2015	4	22	0.713				
2015	4	23	0.713				
2015	4	24	0.683				
2015	4	25	0.908				
2015	4	26	10.7				
2015	4	27	6.64				
2015	4	28	3.8				
2015	4	29	2.26				
2015	4	30	2.16				
2015	5	1	1.62				
2015	5	2	1.28				
2015	5	3	1.1				
2015	5	4	1				
2015	5	5	0.881				
2015	5	6	0.834				
2015	5	7	0.744				
2015	5	8	0.812				
2015	5	9	0.744				
2015	5	10	0.7				
2015	5	11	0.7				
2015	5	12	0.657				
2015	5	13	0.574				
2015	5	14	0.554				
2015	5	15	0.515				
2015	5	16	0.476				
2015	5	17	0.457				
2015	5	18	0.268				
2015	5	19	0.222				
2015	5	20	0.222				
2015	5	21	0.222				
2015	5	22	0.193				
2015	5	23	0.193				
2015	5	24	0.166				
2015	5	25	0.166				
2015	5	26	0.14				
2015	5	27	0.14				
2015	5	28	0.14				
2015	5	29	0.116				
2015	5	30	0.093				
2015	5	31	0.093				
2015	6	1	0.093				
2015	6	2	0.093				
2015	6	3	0.072				
2015	6	4	0.072				
2015	6	5	0.072				
2015	6	6	0.072				
2015	6	7	0.072				
2015	6	8	0.053				
2015	6	9	0.053				
2015	6	10	0.053				
2015	6	11	0.053				
2015	6	12	0.053				
2015	6	13	0.053				
2015	6	14	0.053				
2015	6	15	0.053				
2015	6	16	0.036				
2015	6	17	0.036				
2015	6	18	0.063				
2015	6	19	0.093				
2015	6	20	0.116				
2015	6	21	0.116				
2015	6	22	0.116				
2015	6	23	0.116				
2015	6	24	0.093				
2015	6	25	0.093				
2015	6	26	0.093				
2015	6	27	0.093				
2015	6	28	0.093				
2015	6	29	0.093				
2015	6	30	0.072				
2015	7	1	0.072				
2015	7	2	0.093				
2015	7	3	0.093				
2015	7	4	0.072				
2015	7	5	0.072				
2015	7	6	0.072				
2015	7	7	0.072				
2015	7	8	0.072				
2015	7	9	0.053				
2015	7	10	0.053				
2015	7	11	0.053				
2015	7	12	0.053				
2015	7	13	0.053				
2015	7	14	0.053				
2015	7	15	0.053				
2015	7	16	0.072				
2015	7	17	0.053				
2015	7	18	0.289				
2015	7	19	0.119				
2015	7	20	0.656				
2015	7	21	0.299				
2015	7	22	0.209				
2015	7	23	0.128				
2015	7	24	0.116				
2015	7	25	0.072				
2015	7	26	0.063				
2015	7	27	0.053				
2015	7	28	0.053				
2015	7	29	0.053				
2015	7	30	0.053				
2015	7	31	0.053				
2015	8	1	0.053				
2015	8	2	0.053				
2015	8	3	0.053				
2015	8	4	0.053				
2015	8	5	0.036				
2015	8	6	0.036				
2015	8	7	0.036				
2015	8	8	0.036				
2015	8	9	0.506				
2015	8	10	0.083				
2015	8	11	0.072				
2015	8	12	0.072				
2015	8	13	0.072				
2015	8	14	0.053				
2015	8	15	0.053				
2015	8	16	0.072				
2015	8	17	0.072				
2015	8	18	0.072				
2015	8	19	0.072				
2015	8	20	0.072				
2015	8	21	0.063				
2015	8	22	0.053				
2015	8	23	0.072				
2015	8	24	0.072				
2015	8	25	0.072				
2015	8	26	0.093				
2015	8	27	0.093				
2015	8	28	0.116				
2015	8	29	0.116				
2015	8	30	0.153				
2015	8	31	0.093				
2015	9	1	0.093				
2015	9	2	0.116				
2015	9	3	0.116				
2015	9	4	0.116				
2015	9	5	0.093				
2015	9	6	0.093				
2015	9	7	0.093				
2015	9	8	0.105				
2015	9	9	0.093				
2015	9	10	0.093				
2015	9	11	0.072				
2015	9	12	0.093				
2015	9	13	0.072				
2015	9	14	0.093				
2015	9	15	0.093				
2015	9	16	0.116				
2015	9	17	0.495				
2015	9	18	0.657				
2015	9	19	0.595				
2015	9	20	0.574				
2015	9	21	0.7				
2015	9	22	0.636				
							
							
							
							
							
							
							
							
							
							
							
							
